10,0
                                                                               
                                                                               
                                                                               
                                                                               
                                                                               
                                                                               
                                                                               
                                                                               
                                                                               
                                                                               
                                                                               
                                                                               
                                                                               
                               xx    xxxx                                      
                         x x x           x                                     
                   x x                    x                                    
                x                          x                                   
              x                             x                                  
         x x                                 xxx        x                      
       x                xx                      x xx xxxxx xxx                 
     x                   xx x x x             x x xxxx        xxx              
   x                               x  xx  xx x x                xx             
                                  x  x                            x x  x       
                              xxx                            xxx xx            
                              xxxx xxxxx              x            x           
                                                                               
                                              x                                
                                                                               
            xx  xx  x x xxx x        xx                                        
      xxxxx                 xxxxxxxx                                           
                                                                               
                                                                               
                                                                               
                                                                           x   
                                                                             xx
---
1000,1000,1000 1000,1000,1000 1000,1000,1000 1000,1000,1000 1000,1000,1000 1000,1000,1000 1000,1000,1000 1000,1000,1000 1000,1000,1000 1000,1000,1000 1000,1000,1000 1000,1000,1000 1000,1000,1000 1000,1000,1000 1000,1000,1000 1000,1000,1000 1000,1000,1000 1000,1000,1000 1000,1000,1000 1000,1000,1000 1000,1000,1000 1000,1000,1000 1000,1000,1000 1000,1000,1000 1000,1000,1000 1000,1000,1000 1000,1000,1000 1000,1000,1000 1000,1000,1000 1000,1000,1000 1000,1000,1000 1000,1000,1000 1000,1000,1000 1000,1000,1000 1000,1000,1000 1000,1000,1000 1000,1000,1000 1000,1000,1000 1000,1000,1000 1000,1000,1000 1000,1000,1000 1000,1000,1000 1000,1000,1000 1000,1000,1000 1000,1000,1000 1000,1000,1000 1000,1000,1000 1000,1000,1000 1000,1000,1000 1000,1000,1000 1000,1000,1000 1000,1000,1000 1000,1000,1000 1000,1000,1000 1000,1000,1000 1000,1000,1000 1000,1000,1000 1000,1000,1000 1000,1000,1000 1000,1000,1000 1000,1000,1000 1000,1000,1000 1000,1000,1000 1000,1000,1000 1000,1000,1000 1000,1000,1000 1000,1000,1000 1000,1000,1000 1000,1000,1000 1000,1000,1000 1000,1000,1000 1000,1000,1000 1000,1000,1000 1000,1000,1000 1000,1000,1000 1000,1000,1000 1000,1000,1000 1000,1000,1000 1000,1000,1000
1000,1000,1000 1000,1000,1000 1000,1000,1000 1000,1000,1000 1000,1000,1000 1000,1000,1000 1000,1000,1000 1000,1000,1000 1000,1000,1000 1000,1000,1000 1000,1000,1000 1000,1000,1000 1000,1000,1000 1000,1000,1000 1000,1000,1000 1000,1000,1000 1000,1000,1000 1000,1000,1000 1000,1000,1000 1000,1000,1000 1000,1000,1000 1000,1000,1000 1000,1000,1000 1000,1000,1000 1000,1000,1000 1000,1000,1000 1000,1000,1000 1000,1000,1000 1000,1000,1000 1000,1000,1000 1000,1000,1000 1000,1000,1000 1000,1000,1000 1000,1000,1000 1000,1000,1000 1000,1000,1000 1000,1000,1000 1000,1000,1000 1000,1000,1000 1000,1000,1000 1000,1000,1000 1000,1000,1000 1000,1000,1000 1000,1000,1000 1000,1000,1000 1000,1000,1000 1000,1000,1000 1000,1000,1000 1000,1000,1000 1000,1000,1000 1000,1000,1000 1000,1000,1000 1000,1000,1000 1000,1000,1000 1000,1000,1000 1000,1000,1000 1000,1000,1000 1000,1000,1000 1000,1000,1000 1000,1000,1000 1000,1000,1000 1000,1000,1000 1000,1000,1000 1000,1000,1000 1000,1000,1000 1000,1000,1000 1000,1000,1000 1000,1000,1000 1000,1000,1000 1000,1000,1000 1000,1000,1000 1000,1000,1000 1000,1000,1000 1000,1000,1000 1000,1000,1000 1000,1000,1000 1000,1000,1000 1000,1000,1000 1000,1000,1000
1000,1000,1000 1000,1000,1000 1000,1000,1000 1000,1000,1000 1000,1000,1000 1000,1000,1000 1000,1000,1000 1000,1000,1000 1000,1000,1000 1000,1000,1000 1000,1000,1000 1000,1000,1000 1000,1000,1000 1000,1000,1000 1000,1000,1000 1000,1000,1000 1000,1000,1000 1000,1000,1000 1000,1000,1000 1000,1000,1000 1000,1000,1000 1000,1000,1000 1000,1000,1000 1000,1000,1000 1000,1000,1000 1000,1000,1000 1000,1000,1000 1000,1000,1000 1000,1000,1000 1000,1000,1000 1000,1000,1000 1000,1000,1000 1000,1000,1000 1000,1000,1000 1000,1000,1000 1000,1000,1000 1000,1000,1000 1000,1000,1000 1000,1000,1000 1000,1000,1000 1000,1000,1000 1000,1000,1000 1000,1000,1000 1000,1000,1000 1000,1000,1000 1000,1000,1000 1000,1000,1000 1000,1000,1000 1000,1000,1000 1000,1000,1000 1000,1000,1000 1000,1000,1000 1000,1000,1000 1000,1000,1000 1000,1000,1000 1000,1000,1000 1000,1000,1000 1000,1000,1000 1000,1000,1000 1000,1000,1000 1000,1000,1000 1000,1000,1000 1000,1000,1000 1000,1000,1000 1000,1000,1000 1000,1000,1000 1000,1000,1000 1000,1000,1000 1000,1000,1000 1000,1000,1000 1000,1000,1000 1000,1000,1000 1000,1000,1000 1000,1000,1000 1000,1000,1000 1000,1000,1000 1000,1000,1000 1000,1000,1000 1000,1000,1000
1000,1000,1000 1000,1000,1000 1000,1000,1000 1000,1000,1000 1000,1000,1000 1000,1000,1000 1000,1000,1000 1000,1000,1000 1000,1000,1000 1000,1000,1000 1000,1000,1000 1000,1000,1000 1000,1000,1000 1000,1000,1000 1000,1000,1000 1000,1000,1000 1000,1000,1000 1000,1000,1000 1000,1000,1000 1000,1000,1000 1000,1000,1000 1000,1000,1000 1000,1000,1000 1000,1000,1000 1000,1000,1000 1000,1000,1000 1000,1000,1000 1000,1000,1000 1000,1000,1000 1000,1000,1000 1000,1000,1000 1000,1000,1000 1000,1000,1000 1000,1000,1000 1000,1000,1000 1000,1000,1000 1000,1000,1000 1000,1000,1000 1000,1000,1000 1000,1000,1000 1000,1000,1000 1000,1000,1000 1000,1000,1000 1000,1000,1000 1000,1000,1000 1000,1000,1000 1000,1000,1000 1000,1000,1000 1000,1000,1000 1000,1000,1000 1000,1000,1000 1000,1000,1000 1000,1000,1000 1000,1000,1000 1000,1000,1000 1000,1000,1000 1000,1000,1000 1000,1000,1000 1000,1000,1000 1000,1000,1000 1000,1000,1000 1000,1000,1000 1000,1000,1000 1000,1000,1000 1000,1000,1000 1000,1000,1000 1000,1000,1000 1000,1000,1000 1000,1000,1000 1000,1000,1000 1000,1000,1000 1000,1000,1000 1000,1000,1000 1000,1000,1000 1000,1000,1000 1000,1000,1000 1000,1000,1000 1000,1000,1000 1000,1000,1000
1000,1000,1000 1000,1000,1000 1000,1000,1000 1000,1000,1000 1000,1000,1000 1000,1000,1000 1000,1000,1000 1000,1000,1000 1000,1000,1000 1000,1000,1000 1000,1000,1000 1000,1000,1000 1000,1000,1000 1000,1000,1000 1000,1000,1000 1000,1000,1000 1000,1000,1000 1000,1000,1000 1000,1000,1000 1000,1000,1000 1000,1000,1000 1000,1000,1000 1000,1000,1000 1000,1000,1000 1000,1000,1000 1000,1000,1000 1000,1000,1000 1000,1000,1000 1000,1000,1000 1000,1000,1000 1000,1000,1000 1000,1000,1000 1000,1000,1000 1000,1000,1000 1000,1000,1000 1000,1000,1000 1000,1000,1000 1000,1000,1000 1000,1000,1000 1000,1000,1000 1000,1000,1000 1000,1000,1000 1000,1000,1000 1000,1000,1000 1000,1000,1000 1000,1000,1000 1000,1000,1000 1000,1000,1000 1000,1000,1000 1000,1000,1000 1000,1000,1000 1000,1000,1000 1000,1000,1000 1000,1000,1000 1000,1000,1000 1000,1000,1000 1000,1000,1000 1000,1000,1000 1000,1000,1000 1000,1000,1000 1000,1000,1000 1000,1000,1000 1000,1000,1000 1000,1000,1000 1000,1000,1000 1000,1000,1000 1000,1000,1000 1000,1000,1000 1000,1000,1000 1000,1000,1000 1000,1000,1000 1000,1000,1000 1000,1000,1000 1000,1000,1000 1000,1000,1000 1000,1000,1000 1000,1000,1000 1000,1000,1000 1000,1000,1000
1000,1000,1000 1000,1000,1000 1000,1000,1000 1000,1000,1000 1000,1000,1000 1000,1000,1000 1000,1000,1000 1000,1000,1000 1000,1000,1000 1000,1000,1000 1000,1000,1000 1000,1000,1000 1000,1000,1000 1000,1000,1000 1000,1000,1000 1000,1000,1000 1000,1000,1000 1000,1000,1000 1000,1000,1000 1000,1000,1000 1000,1000,1000 1000,1000,1000 1000,1000,1000 1000,1000,1000 1000,1000,1000 1000,1000,1000 1000,1000,1000 1000,1000,1000 1000,1000,1000 1000,1000,1000 1000,1000,1000 1000,1000,1000 1000,1000,1000 1000,1000,1000 1000,1000,1000 1000,1000,1000 1000,1000,1000 1000,1000,1000 1000,1000,1000 1000,1000,1000 1000,1000,1000 1000,1000,1000 1000,1000,1000 1000,1000,1000 1000,1000,1000 1000,1000,1000 1000,1000,1000 1000,1000,1000 1000,1000,1000 1000,1000,1000 1000,1000,1000 1000,1000,1000 1000,1000,1000 1000,1000,1000 1000,1000,1000 1000,1000,1000 1000,1000,1000 1000,1000,1000 1000,1000,1000 1000,1000,1000 1000,1000,1000 1000,1000,1000 1000,1000,1000 1000,1000,1000 1000,1000,1000 1000,1000,1000 1000,1000,1000 1000,1000,1000 1000,1000,1000 1000,1000,1000 1000,1000,1000 1000,1000,1000 1000,1000,1000 1000,1000,1000 1000,1000,1000 1000,1000,1000 1000,1000,1000 1000,1000,1000 1000,1000,1000
1000,1000,1000 1000,1000,1000 1000,1000,1000 1000,1000,1000 1000,1000,1000 1000,1000,1000 1000,1000,1000 1000,1000,1000 1000,1000,1000 1000,1000,1000 1000,1000,1000 1000,1000,1000 1000,1000,1000 1000,1000,1000 1000,1000,1000 1000,1000,1000 1000,1000,1000 1000,1000,1000 1000,1000,1000 1000,1000,1000 1000,1000,1000 1000,1000,1000 1000,1000,1000 1000,1000,1000 1000,1000,1000 1000,1000,1000 1000,1000,1000 1000,1000,1000 1000,1000,1000 1000,1000,1000 1000,1000,1000 1000,1000,1000 1000,1000,1000 1000,1000,1000 1000,1000,1000 1000,1000,1000 1000,1000,1000 1000,1000,1000 1000,1000,1000 1000,1000,1000 1000,1000,1000 1000,1000,1000 1000,1000,1000 1000,1000,1000 1000,1000,1000 1000,1000,1000 1000,1000,1000 1000,1000,1000 1000,1000,1000 1000,1000,1000 1000,1000,1000 1000,1000,1000 1000,1000,1000 1000,1000,1000 1000,1000,1000 1000,1000,1000 1000,1000,1000 1000,1000,1000 1000,1000,1000 1000,1000,1000 1000,1000,1000 1000,1000,1000 1000,1000,1000 1000,1000,1000 1000,1000,1000 1000,1000,1000 1000,1000,1000 1000,1000,1000 1000,1000,1000 1000,1000,1000 1000,1000,1000 1000,1000,1000 1000,1000,1000 1000,1000,1000 1000,1000,1000 1000,1000,1000 1000,1000,1000 1000,1000,1000 1000,1000,1000
1000,1000,1000 1000,1000,1000 1000,1000,1000 1000,1000,1000 1000,1000,1000 1000,1000,1000 1000,1000,1000 1000,1000,1000 1000,1000,1000 1000,1000,1000 1000,1000,1000 1000,1000,1000 1000,1000,1000 1000,1000,1000 1000,1000,1000 1000,1000,1000 1000,1000,1000 1000,1000,1000 1000,1000,1000 1000,1000,1000 1000,1000,1000 1000,1000,1000 1000,1000,1000 1000,1000,1000 1000,1000,1000 1000,1000,1000 1000,1000,1000 1000,1000,1000 1000,1000,1000 1000,1000,1000 1000,1000,1000 1000,1000,1000 1000,1000,1000 1000,1000,1000 1000,1000,1000 1000,1000,1000 1000,1000,1000 1000,1000,1000 1000,1000,1000 1000,1000,1000 1000,1000,1000 1000,1000,1000 1000,1000,1000 1000,1000,1000 1000,1000,1000 1000,1000,1000 1000,1000,1000 1000,1000,1000 1000,1000,1000 1000,1000,1000 1000,1000,1000 1000,1000,1000 1000,1000,1000 1000,1000,1000 1000,1000,1000 1000,1000,1000 1000,1000,1000 1000,1000,1000 1000,1000,1000 1000,1000,1000 1000,1000,1000 1000,1000,1000 1000,1000,1000 1000,1000,1000 1000,1000,1000 1000,1000,1000 1000,1000,1000 1000,1000,1000 1000,1000,1000 1000,1000,1000 1000,1000,1000 1000,1000,1000 1000,1000,1000 1000,1000,1000 1000,1000,1000 1000,1000,1000 1000,1000,1000 1000,1000,1000 1000,1000,1000
1000,1000,1000 1000,1000,1000 1000,1000,1000 1000,1000,1000 1000,1000,1000 1000,1000,1000 1000,1000,1000 1000,1000,1000 1000,1000,1000 1000,1000,1000 1000,1000,1000 1000,1000,1000 1000,1000,1000 1000,1000,1000 1000,1000,1000 1000,1000,1000 1000,1000,1000 1000,1000,1000 1000,1000,1000 1000,1000,1000 1000,1000,1000 1000,1000,1000 1000,1000,1000 1000,1000,1000 1000,1000,1000 1000,1000,1000 1000,1000,1000 1000,1000,1000 1000,1000,1000 1000,1000,1000 1000,1000,1000 1000,1000,1000 1000,1000,1000 1000,1000,1000 1000,1000,1000 1000,1000,1000 1000,1000,1000 1000,1000,1000 1000,1000,1000 1000,1000,1000 1000,1000,1000 1000,1000,1000 1000,1000,1000 1000,1000,1000 1000,1000,1000 1000,1000,1000 1000,1000,1000 1000,1000,1000 1000,1000,1000 1000,1000,1000 1000,1000,1000 1000,1000,1000 1000,1000,1000 1000,1000,1000 1000,1000,1000 1000,1000,1000 1000,1000,1000 1000,1000,1000 1000,1000,1000 1000,1000,1000 1000,1000,1000 1000,1000,1000 1000,1000,1000 1000,1000,1000 1000,1000,1000 1000,1000,1000 1000,1000,1000 1000,1000,1000 1000,1000,1000 1000,1000,1000 1000,1000,1000 1000,1000,1000 1000,1000,1000 1000,1000,1000 1000,1000,1000 1000,1000,1000 1000,1000,1000 1000,1000,1000 1000,1000,1000
1000,1000,1000 1000,1000,1000 1000,1000,1000 1000,1000,1000 1000,1000,1000 1000,1000,1000 1000,1000,1000 1000,1000,1000 1000,1000,1000 1000,1000,1000 1000,1000,1000 1000,1000,1000 1000,1000,1000 1000,1000,1000 1000,1000,1000 1000,1000,1000 1000,1000,1000 1000,1000,1000 1000,1000,1000 1000,1000,1000 1000,1000,1000 1000,1000,1000 1000,1000,1000 1000,1000,1000 1000,1000,1000 1000,1000,1000 1000,1000,1000 1000,1000,1000 1000,1000,1000 1000,1000,1000 1000,1000,1000 1000,1000,1000 1000,1000,1000 1000,1000,1000 1000,1000,1000 1000,1000,1000 1000,1000,1000 1000,1000,1000 1000,1000,1000 1000,1000,1000 1000,1000,1000 1000,1000,1000 1000,1000,1000 1000,1000,1000 1000,1000,1000 1000,1000,1000 1000,1000,1000 1000,1000,1000 1000,1000,1000 1000,1000,1000 1000,1000,1000 1000,1000,1000 1000,1000,1000 1000,1000,1000 1000,1000,1000 1000,1000,1000 1000,1000,1000 1000,1000,1000 1000,1000,1000 1000,1000,1000 1000,1000,1000 1000,1000,1000 1000,1000,1000 1000,1000,1000 1000,1000,1000 1000,1000,1000 1000,1000,1000 1000,1000,1000 1000,1000,1000 1000,1000,1000 1000,1000,1000 1000,1000,1000 1000,1000,1000 1000,1000,1000 1000,1000,1000 1000,1000,1000 1000,1000,1000 1000,1000,1000 1000,1000,1000
1000,1000,1000 1000,1000,1000 1000,1000,1000 1000,1000,1000 1000,1000,1000 1000,1000,1000 1000,1000,1000 1000,1000,1000 1000,1000,1000 1000,1000,1000 1000,1000,1000 1000,1000,1000 1000,1000,1000 1000,1000,1000 1000,1000,1000 1000,1000,1000 1000,1000,1000 1000,1000,1000 1000,1000,1000 1000,1000,1000 1000,1000,1000 1000,1000,1000 1000,1000,1000 1000,1000,1000 1000,1000,1000 1000,1000,1000 1000,1000,1000 1000,1000,1000 1000,1000,1000 1000,1000,1000 1000,1000,1000 1000,1000,1000 1000,1000,1000 1000,1000,1000 1000,1000,1000 1000,1000,1000 1000,1000,1000 1000,1000,1000 1000,1000,1000 1000,1000,1000 1000,1000,1000 1000,1000,1000 1000,1000,1000 1000,1000,1000 1000,1000,1000 1000,1000,1000 1000,1000,1000 1000,1000,1000 1000,1000,1000 1000,1000,1000 1000,1000,1000 1000,1000,1000 1000,1000,1000 1000,1000,1000 1000,1000,1000 1000,1000,1000 1000,1000,1000 1000,1000,1000 1000,1000,1000 1000,1000,1000 1000,1000,1000 1000,1000,1000 1000,1000,1000 1000,1000,1000 1000,1000,1000 1000,1000,1000 1000,1000,1000 1000,1000,1000 1000,1000,1000 1000,1000,1000 1000,1000,1000 1000,1000,1000 1000,1000,1000 1000,1000,1000 1000,1000,1000 1000,1000,1000 1000,1000,1000 1000,1000,1000 1000,1000,1000
1000,1000,1000 1000,1000,1000 1000,1000,1000 1000,1000,1000 1000,1000,1000 1000,1000,1000 1000,1000,1000 1000,1000,1000 1000,1000,1000 1000,1000,1000 1000,1000,1000 1000,1000,1000 1000,1000,1000 1000,1000,1000 1000,1000,1000 1000,1000,1000 1000,1000,1000 1000,1000,1000 1000,1000,1000 1000,1000,1000 1000,1000,1000 1000,1000,1000 1000,1000,1000 1000,1000,1000 1000,1000,1000 1000,1000,1000 1000,1000,1000 1000,1000,1000 1000,1000,1000 1000,1000,1000 1000,1000,1000 1000,1000,1000 1000,1000,1000 1000,1000,1000 1000,1000,1000 1000,1000,1000 1000,1000,1000 1000,1000,1000 1000,1000,1000 1000,1000,1000 1000,1000,1000 1000,1000,1000 1000,1000,1000 1000,1000,1000 1000,1000,1000 1000,1000,1000 1000,1000,1000 1000,1000,1000 1000,1000,1000 1000,1000,1000 1000,1000,1000 1000,1000,1000 1000,1000,1000 1000,1000,1000 1000,1000,1000 1000,1000,1000 1000,1000,1000 1000,1000,1000 1000,1000,1000 1000,1000,1000 1000,1000,1000 1000,1000,1000 1000,1000,1000 1000,1000,1000 1000,1000,1000 1000,1000,1000 1000,1000,1000 1000,1000,1000 1000,1000,1000 1000,1000,1000 1000,1000,1000 1000,1000,1000 1000,1000,1000 1000,1000,1000 1000,1000,1000 1000,1000,1000 1000,1000,1000 1000,1000,1000 1000,1000,1000
1000,1000,1000 1000,1000,1000 1000,1000,1000 1000,1000,1000 1000,1000,1000 1000,1000,1000 1000,1000,1000 1000,1000,1000 1000,1000,1000 1000,1000,1000 1000,1000,1000 1000,1000,1000 1000,1000,1000 1000,1000,1000 1000,1000,1000 1000,1000,1000 1000,1000,1000 1000,1000,1000 1000,1000,1000 1000,1000,1000 1000,1000,1000 1000,1000,1000 1000,1000,1000 1000,1000,1000 1000,1000,1000 1000,1000,1000 1000,1000,1000 1000,1000,1000 1000,1000,1000 1000,1000,1000 1000,1000,1000 1000,1000,1000 1000,1000,1000 1000,1000,1000 1000,1000,1000 1000,1000,1000 1000,1000,1000 1000,1000,1000 1000,1000,1000 1000,1000,1000 1000,1000,1000 1000,1000,1000 1000,1000,1000 1000,1000,1000 1000,1000,1000 1000,1000,1000 1000,1000,1000 1000,1000,1000 1000,1000,1000 1000,1000,1000 1000,1000,1000 1000,1000,1000 1000,1000,1000 1000,1000,1000 1000,1000,1000 1000,1000,1000 1000,1000,1000 1000,1000,1000 1000,1000,1000 1000,1000,1000 1000,1000,1000 1000,1000,1000 1000,1000,1000 1000,1000,1000 1000,1000,1000 1000,1000,1000 1000,1000,1000 1000,1000,1000 1000,1000,1000 1000,1000,1000 1000,1000,1000 1000,1000,1000 1000,1000,1000 1000,1000,1000 1000,1000,1000 1000,1000,1000 1000,1000,1000 1000,1000,1000 1000,1000,1000
1000,1000,1000 1000,1000,1000 1000,1000,1000 1000,1000,1000 1000,1000,1000 1000,1000,1000 1000,1000,1000 1000,1000,1000 1000,1000,1000 1000,1000,1000 1000,1000,1000 1000,1000,1000 1000,1000,1000 1000,1000,1000 1000,1000,1000 1000,1000,1000 1000,1000,1000 1000,1000,1000 1000,1000,1000 1000,1000,1000 1000,1000,1000 1000,1000,1000 1000,1000,1000 1000,1000,1000 1000,1000,1000 1000,1000,1000 1000,1000,1000 1000,1000,1000 1000,1000,1000 1000,1000,1000 1000,1000,1000 1000,1000,1000 1000,1000,1000 1000,1000,1000 1000,1000,1000 1000,1000,1000 1000,1000,1000 1000,1000,1000 1000,1000,1000 1000,1000,1000 1000,1000,1000 1000,1000,1000 1000,1000,1000 1000,1000,1000 1000,1000,1000 1000,1000,1000 1000,1000,1000 1000,1000,1000 1000,1000,1000 1000,1000,1000 1000,1000,1000 1000,1000,1000 1000,1000,1000 1000,1000,1000 1000,1000,1000 1000,1000,1000 1000,1000,1000 1000,1000,1000 1000,1000,1000 1000,1000,1000 1000,1000,1000 1000,1000,1000 1000,1000,1000 1000,1000,1000 1000,1000,1000 1000,1000,1000 1000,1000,1000 1000,1000,1000 1000,1000,1000 1000,1000,1000 1000,1000,1000 1000,1000,1000 1000,1000,1000 1000,1000,1000 1000,1000,1000 1000,1000,1000 1000,1000,1000 1000,1000,1000 1000,1000,1000
1000,1000,1000 1000,1000,1000 1000,1000,1000 1000,1000,1000 1000,1000,1000 1000,1000,1000 1000,1000,1000 1000,1000,1000 1000,1000,1000 1000,1000,1000 1000,1000,1000 1000,1000,1000 1000,1000,1000 1000,1000,1000 1000,1000,1000 1000,1000,1000 1000,1000,1000 1000,1000,1000 1000,1000,1000 1000,1000,1000 1000,1000,1000 1000,1000,1000 1000,1000,1000 1000,1000,1000 1000,1000,1000 1000,1000,1000 1000,1000,1000 1000,1000,1000 1000,1000,1000 1000,1000,1000 1000,1000,1000 1000,1000,1000 1000,1000,1000 1000,1000,1000 1000,1000,1000 1000,1000,1000 1000,1000,1000 1000,1000,1000 1000,1000,1000 1000,1000,1000 1000,1000,1000 1000,1000,1000 1000,1000,1000 1000,1000,1000 1000,1000,1000 1000,1000,1000 1000,1000,1000 1000,1000,1000 1000,1000,1000 1000,1000,1000 1000,1000,1000 1000,1000,1000 1000,1000,1000 1000,1000,1000 1000,1000,1000 1000,1000,1000 1000,1000,1000 1000,1000,1000 1000,1000,1000 1000,1000,1000 1000,1000,1000 1000,1000,1000 1000,1000,1000 1000,1000,1000 1000,1000,1000 1000,1000,1000 1000,1000,1000 1000,1000,1000 1000,1000,1000 1000,1000,1000 1000,1000,1000 1000,1000,1000 1000,1000,1000 1000,1000,1000 1000,1000,1000 1000,1000,1000 1000,1000,1000 1000,1000,1000 1000,1000,1000
1000,1000,1000 1000,1000,1000 1000,1000,1000 1000,1000,1000 1000,1000,1000 1000,1000,1000 1000,1000,1000 1000,1000,1000 1000,1000,1000 1000,1000,1000 1000,1000,1000 1000,1000,1000 1000,1000,1000 1000,1000,1000 1000,1000,1000 1000,1000,1000 1000,1000,1000 1000,1000,1000 1000,1000,1000 1000,1000,1000 1000,1000,1000 1000,1000,1000 1000,1000,1000 1000,1000,1000 1000,1000,1000 1000,1000,1000 1000,1000,1000 1000,1000,1000 1000,1000,1000 1000,1000,1000 1000,1000,1000 1000,1000,1000 1000,1000,1000 1000,1000,1000 1000,1000,1000 1000,1000,1000 1000,1000,1000 1000,1000,1000 1000,1000,1000 1000,1000,1000 1000,1000,1000 1000,1000,1000 1000,1000,1000 1000,1000,1000 1000,1000,1000 1000,1000,1000 1000,1000,1000 1000,1000,1000 1000,1000,1000 1000,1000,1000 1000,1000,1000 1000,1000,1000 1000,1000,1000 1000,1000,1000 1000,1000,1000 1000,1000,1000 1000,1000,1000 1000,1000,1000 1000,1000,1000 1000,1000,1000 1000,1000,1000 1000,1000,1000 1000,1000,1000 1000,1000,1000 1000,1000,1000 1000,1000,1000 1000,1000,1000 1000,1000,1000 1000,1000,1000 1000,1000,1000 1000,1000,1000 1000,1000,1000 1000,1000,1000 1000,1000,1000 1000,1000,1000 1000,1000,1000 1000,1000,1000 1000,1000,1000 1000,1000,1000
1000,1000,1000 1000,1000,1000 1000,1000,1000 1000,1000,1000 1000,1000,1000 1000,1000,1000 1000,1000,1000 1000,1000,1000 1000,1000,1000 1000,1000,1000 1000,1000,1000 1000,1000,1000 1000,1000,1000 1000,1000,1000 1000,1000,1000 1000,1000,1000 1000,1000,1000 1000,1000,1000 1000,1000,1000 1000,1000,1000 1000,1000,1000 1000,1000,1000 1000,1000,1000 1000,1000,1000 1000,1000,1000 1000,1000,1000 1000,1000,1000 1000,1000,1000 1000,1000,1000 1000,1000,1000 1000,1000,1000 1000,1000,1000 1000,1000,1000 1000,1000,1000 1000,1000,1000 1000,1000,1000 1000,1000,1000 1000,1000,1000 1000,1000,1000 1000,1000,1000 1000,1000,1000 1000,1000,1000 1000,1000,1000 1000,1000,1000 1000,1000,1000 1000,1000,1000 1000,1000,1000 1000,1000,1000 1000,1000,1000 1000,1000,1000 1000,1000,1000 1000,1000,1000 1000,1000,1000 1000,1000,1000 1000,1000,1000 1000,1000,1000 1000,1000,1000 1000,1000,1000 1000,1000,1000 1000,1000,1000 1000,1000,1000 1000,1000,1000 1000,1000,1000 1000,1000,1000 1000,1000,1000 1000,1000,1000 1000,1000,1000 1000,1000,1000 1000,1000,1000 1000,1000,1000 1000,1000,1000 1000,1000,1000 1000,1000,1000 1000,1000,1000 1000,1000,1000 1000,1000,1000 1000,1000,1000 1000,1000,1000 1000,1000,1000
1000,1000,1000 1000,1000,1000 1000,1000,1000 1000,1000,1000 1000,1000,1000 1000,1000,1000 1000,1000,1000 1000,1000,1000 1000,1000,1000 1000,1000,1000 1000,1000,1000 1000,1000,1000 1000,1000,1000 1000,1000,1000 1000,1000,1000 1000,1000,1000 1000,1000,1000 1000,1000,1000 1000,1000,1000 1000,1000,1000 1000,1000,1000 1000,1000,1000 1000,1000,1000 1000,1000,1000 1000,1000,1000 1000,1000,1000 1000,1000,1000 1000,1000,1000 1000,1000,1000 1000,1000,1000 1000,1000,1000 1000,1000,1000 1000,1000,1000 1000,1000,1000 1000,1000,1000 1000,1000,1000 1000,1000,1000 1000,1000,1000 1000,1000,1000 1000,1000,1000 1000,1000,1000 1000,1000,1000 1000,1000,1000 1000,1000,1000 1000,1000,1000 1000,1000,1000 1000,1000,1000 1000,1000,1000 1000,1000,1000 1000,1000,1000 1000,1000,1000 1000,1000,1000 1000,1000,1000 1000,1000,1000 1000,1000,1000 1000,1000,1000 1000,1000,1000 1000,1000,1000 1000,1000,1000 1000,1000,1000 1000,1000,1000 1000,1000,1000 1000,1000,1000 1000,1000,1000 1000,1000,1000 1000,1000,1000 1000,1000,1000 1000,1000,1000 1000,1000,1000 1000,1000,1000 1000,1000,1000 1000,1000,1000 1000,1000,1000 1000,1000,1000 1000,1000,1000 1000,1000,1000 1000,1000,1000 1000,1000,1000 1000,1000,1000
1000,1000,1000 1000,1000,1000 1000,1000,1000 1000,1000,1000 1000,1000,1000 1000,1000,1000 1000,1000,1000 1000,1000,1000 1000,1000,1000 1000,1000,1000 1000,1000,1000 1000,1000,1000 1000,1000,1000 1000,1000,1000 1000,1000,1000 1000,1000,1000 1000,1000,1000 1000,1000,1000 1000,1000,1000 1000,1000,1000 1000,1000,1000 1000,1000,1000 1000,1000,1000 1000,1000,1000 1000,1000,1000 1000,1000,1000 1000,1000,1000 1000,1000,1000 1000,1000,1000 1000,1000,1000 1000,1000,1000 1000,1000,1000 1000,1000,1000 1000,1000,1000 1000,1000,1000 1000,1000,1000 1000,1000,1000 1000,1000,1000 1000,1000,1000 1000,1000,1000 1000,1000,1000 1000,1000,1000 1000,1000,1000 1000,1000,1000 1000,1000,1000 1000,1000,1000 1000,1000,1000 1000,1000,1000 1000,1000,1000 1000,1000,1000 1000,1000,1000 1000,1000,1000 1000,1000,1000 1000,1000,1000 1000,1000,1000 1000,1000,1000 1000,1000,1000 1000,1000,1000 1000,1000,1000 1000,1000,1000 1000,1000,1000 1000,1000,1000 1000,1000,1000 1000,1000,1000 1000,1000,1000 1000,1000,1000 1000,1000,1000 1000,1000,1000 1000,1000,1000 1000,1000,1000 1000,1000,1000 1000,1000,1000 1000,1000,1000 1000,1000,1000 1000,1000,1000 1000,1000,1000 1000,1000,1000 1000,1000,1000 1000,1000,1000
1000,1000,1000 1000,1000,1000 1000,1000,1000 1000,1000,1000 1000,1000,1000 1000,1000,1000 1000,1000,1000 1000,1000,1000 1000,1000,1000 1000,1000,1000 1000,1000,1000 1000,1000,1000 1000,1000,1000 1000,1000,1000 1000,1000,1000 1000,1000,1000 1000,1000,1000 1000,1000,1000 1000,1000,1000 1000,1000,1000 1000,1000,1000 1000,1000,1000 1000,1000,1000 1000,1000,1000 1000,1000,1000 1000,1000,1000 1000,1000,1000 1000,1000,1000 1000,1000,1000 1000,1000,1000 1000,1000,1000 1000,1000,1000 1000,1000,1000 1000,1000,1000 1000,1000,1000 1000,1000,1000 1000,1000,1000 1000,1000,1000 1000,1000,1000 1000,1000,1000 1000,1000,1000 1000,1000,1000 1000,1000,1000 1000,1000,1000 1000,1000,1000 1000,1000,1000 1000,1000,1000 1000,1000,1000 1000,1000,1000 1000,1000,1000 1000,1000,1000 1000,1000,1000 1000,1000,1000 1000,1000,1000 1000,1000,1000 1000,1000,1000 1000,1000,1000 1000,1000,1000 1000,1000,1000 1000,1000,1000 1000,1000,1000 1000,1000,1000 1000,1000,1000 1000,1000,1000 1000,1000,1000 1000,1000,1000 1000,1000,1000 1000,1000,1000 1000,1000,1000 1000,1000,1000 1000,1000,1000 1000,1000,1000 1000,1000,1000 1000,1000,1000 1000,1000,1000 1000,1000,1000 1000,1000,1000 1000,1000,1000 1000,1000,1000
1000,1000,1000 1000,1000,1000 1000,1000,1000 1000,1000,1000 1000,1000,1000 1000,1000,1000 1000,1000,1000 1000,1000,1000 1000,1000,1000 1000,1000,1000 1000,1000,1000 1000,1000,1000 1000,1000,1000 1000,1000,1000 1000,1000,1000 1000,1000,1000 1000,1000,1000 1000,1000,1000 1000,1000,1000 1000,1000,1000 1000,1000,1000 1000,1000,1000 1000,1000,1000 1000,1000,1000 1000,1000,1000 1000,1000,1000 1000,1000,1000 1000,1000,1000 1000,1000,1000 1000,1000,1000 1000,1000,1000 1000,1000,1000 1000,1000,1000 1000,1000,1000 1000,1000,1000 1000,1000,1000 1000,1000,1000 1000,1000,1000 1000,1000,1000 1000,1000,1000 1000,1000,1000 1000,1000,1000 1000,1000,1000 1000,1000,1000 1000,1000,1000 1000,1000,1000 1000,1000,1000 1000,1000,1000 1000,1000,1000 1000,1000,1000 1000,1000,1000 1000,1000,1000 1000,1000,1000 1000,1000,1000 1000,1000,1000 1000,1000,1000 1000,1000,1000 1000,1000,1000 1000,1000,1000 1000,1000,1000 1000,1000,1000 1000,1000,1000 1000,1000,1000 1000,1000,1000 1000,1000,1000 1000,1000,1000 1000,1000,1000 1000,1000,1000 1000,1000,1000 1000,1000,1000 1000,1000,1000 1000,1000,1000 1000,1000,1000 1000,1000,1000 1000,1000,1000 1000,1000,1000 1000,1000,1000 1000,1000,1000 1000,1000,1000
1000,1000,1000 1000,1000,1000 1000,1000,1000 1000,1000,1000 1000,1000,1000 1000,1000,1000 1000,1000,1000 1000,1000,1000 1000,1000,1000 1000,1000,1000 1000,1000,1000 1000,1000,1000 1000,1000,1000 1000,1000,1000 1000,1000,1000 1000,1000,1000 1000,1000,1000 1000,1000,1000 1000,1000,1000 1000,1000,1000 1000,1000,1000 1000,1000,1000 1000,1000,1000 1000,1000,1000 1000,1000,1000 1000,1000,1000 1000,1000,1000 1000,1000,1000 1000,1000,1000 1000,1000,1000 1000,1000,1000 1000,1000,1000 1000,1000,1000 1000,1000,1000 1000,1000,1000 1000,1000,1000 1000,1000,1000 1000,1000,1000 1000,1000,1000 1000,1000,1000 1000,1000,1000 1000,1000,1000 1000,1000,1000 1000,1000,1000 1000,1000,1000 1000,1000,1000 1000,1000,1000 1000,1000,1000 1000,1000,1000 1000,1000,1000 1000,1000,1000 1000,1000,1000 1000,1000,1000 1000,1000,1000 1000,1000,1000 1000,1000,1000 1000,1000,1000 1000,1000,1000 1000,1000,1000 1000,1000,1000 1000,1000,1000 1000,1000,1000 1000,1000,1000 1000,1000,1000 1000,1000,1000 1000,1000,1000 1000,1000,1000 1000,1000,1000 1000,1000,1000 1000,1000,1000 1000,1000,1000 1000,1000,1000 1000,1000,1000 1000,1000,1000 1000,1000,1000 1000,1000,1000 1000,1000,1000 1000,1000,1000 1000,1000,1000
1000,1000,1000 1000,1000,1000 1000,1000,1000 1000,1000,1000 1000,1000,1000 1000,1000,1000 1000,1000,1000 1000,1000,1000 1000,1000,1000 1000,1000,1000 1000,1000,1000 1000,1000,1000 1000,1000,1000 1000,1000,1000 1000,1000,1000 1000,1000,1000 1000,1000,1000 1000,1000,1000 1000,1000,1000 1000,1000,1000 1000,1000,1000 1000,1000,1000 1000,1000,1000 1000,1000,1000 1000,1000,1000 1000,1000,1000 1000,1000,1000 1000,1000,1000 1000,1000,1000 1000,1000,1000 1000,1000,1000 1000,1000,1000 1000,1000,1000 1000,1000,1000 1000,1000,1000 1000,1000,1000 1000,1000,1000 1000,1000,1000 1000,1000,1000 1000,1000,1000 1000,1000,1000 1000,1000,1000 1000,1000,1000 1000,1000,1000 1000,1000,1000 1000,1000,1000 1000,1000,1000 1000,1000,1000 1000,1000,1000 1000,1000,1000 1000,1000,1000 1000,1000,1000 1000,1000,1000 1000,1000,1000 1000,1000,1000 1000,1000,1000 1000,1000,1000 1000,1000,1000 1000,1000,1000 1000,1000,1000 1000,1000,1000 1000,1000,1000 1000,1000,1000 1000,1000,1000 1000,1000,1000 1000,1000,1000 1000,1000,1000 1000,1000,1000 1000,1000,1000 1000,1000,1000 1000,1000,1000 1000,1000,1000 1000,1000,1000 1000,1000,1000 1000,1000,1000 1000,1000,1000 1000,1000,1000 1000,1000,1000 1000,1000,1000
1000,1000,1000 1000,1000,1000 1000,1000,1000 1000,1000,1000 1000,1000,1000 1000,1000,1000 1000,1000,1000 1000,1000,1000 1000,1000,1000 1000,1000,1000 1000,1000,1000 1000,1000,1000 1000,1000,1000 1000,1000,1000 1000,1000,1000 1000,1000,1000 1000,1000,1000 1000,1000,1000 1000,1000,1000 1000,1000,1000 1000,1000,1000 1000,1000,1000 1000,1000,1000 1000,1000,1000 1000,1000,1000 1000,1000,1000 1000,1000,1000 1000,1000,1000 1000,1000,1000 1000,1000,1000 1000,1000,1000 1000,1000,1000 1000,1000,1000 1000,1000,1000 1000,1000,1000 1000,1000,1000 1000,1000,1000 1000,1000,1000 1000,1000,1000 1000,1000,1000 1000,1000,1000 1000,1000,1000 1000,1000,1000 1000,1000,1000 1000,1000,1000 1000,1000,1000 1000,1000,1000 1000,1000,1000 1000,1000,1000 1000,1000,1000 1000,1000,1000 1000,1000,1000 1000,1000,1000 1000,1000,1000 1000,1000,1000 1000,1000,1000 1000,1000,1000 1000,1000,1000 1000,1000,1000 1000,1000,1000 1000,1000,1000 1000,1000,1000 1000,1000,1000 1000,1000,1000 1000,1000,1000 1000,1000,1000 1000,1000,1000 1000,1000,1000 1000,1000,1000 1000,1000,1000 1000,1000,1000 1000,1000,1000 1000,1000,1000 1000,1000,1000 1000,1000,1000 1000,1000,1000 1000,1000,1000 1000,1000,1000 1000,1000,1000
1000,1000,1000 1000,1000,1000 1000,1000,1000 1000,1000,1000 1000,1000,1000 1000,1000,1000 1000,1000,1000 1000,1000,1000 1000,1000,1000 1000,1000,1000 1000,1000,1000 1000,1000,1000 1000,1000,1000 1000,1000,1000 1000,1000,1000 1000,1000,1000 1000,1000,1000 1000,1000,1000 1000,1000,1000 1000,1000,1000 1000,1000,1000 1000,1000,1000 1000,1000,1000 1000,1000,1000 1000,1000,1000 1000,1000,1000 1000,1000,1000 1000,1000,1000 1000,1000,1000 1000,1000,1000 1000,1000,1000 1000,1000,1000 1000,1000,1000 1000,1000,1000 1000,1000,1000 1000,1000,1000 1000,1000,1000 1000,1000,1000 1000,1000,1000 1000,1000,1000 1000,1000,1000 1000,1000,1000 1000,1000,1000 1000,1000,1000 1000,1000,1000 1000,1000,1000 1000,1000,1000 1000,1000,1000 1000,1000,1000 1000,1000,1000 1000,1000,1000 1000,1000,1000 1000,1000,1000 1000,1000,1000 1000,1000,1000 1000,1000,1000 1000,1000,1000 1000,1000,1000 1000,1000,1000 1000,1000,1000 1000,1000,1000 1000,1000,1000 1000,1000,1000 1000,1000,1000 1000,1000,1000 1000,1000,1000 1000,1000,1000 1000,1000,1000 1000,1000,1000 1000,1000,1000 1000,1000,1000 1000,1000,1000 1000,1000,1000 1000,1000,1000 1000,1000,1000 1000,1000,1000 1000,1000,1000 1000,1000,1000 1000,1000,1000
1000,1000,1000 1000,1000,1000 1000,1000,1000 1000,1000,1000 1000,1000,1000 1000,1000,1000 1000,1000,1000 1000,1000,1000 1000,1000,1000 1000,1000,1000 1000,1000,1000 1000,1000,1000 1000,1000,1000 1000,1000,1000 1000,1000,1000 1000,1000,1000 1000,1000,1000 1000,1000,1000 1000,1000,1000 1000,1000,1000 1000,1000,1000 1000,1000,1000 1000,1000,1000 1000,1000,1000 1000,1000,1000 1000,1000,1000 1000,1000,1000 1000,1000,1000 1000,1000,1000 1000,1000,1000 1000,1000,1000 1000,1000,1000 1000,1000,1000 1000,1000,1000 1000,1000,1000 1000,1000,1000 1000,1000,1000 1000,1000,1000 1000,1000,1000 1000,1000,1000 1000,1000,1000 1000,1000,1000 1000,1000,1000 1000,1000,1000 1000,1000,1000 1000,1000,1000 1000,1000,1000 1000,1000,1000 1000,1000,1000 1000,1000,1000 1000,1000,1000 1000,1000,1000 1000,1000,1000 1000,1000,1000 1000,1000,1000 1000,1000,1000 1000,1000,1000 1000,1000,1000 1000,1000,1000 1000,1000,1000 1000,1000,1000 1000,1000,1000 1000,1000,1000 1000,1000,1000 1000,1000,1000 1000,1000,1000 1000,1000,1000 1000,1000,1000 1000,1000,1000 1000,1000,1000 1000,1000,1000 1000,1000,1000 1000,1000,1000 1000,1000,1000 1000,1000,1000 1000,1000,1000 1000,1000,1000 1000,1000,1000 1000,1000,1000
1000,1000,1000 1000,1000,1000 1000,1000,1000 1000,1000,1000 1000,1000,1000 1000,1000,1000 1000,1000,1000 1000,1000,1000 1000,1000,1000 1000,1000,1000 1000,1000,1000 1000,1000,1000 1000,1000,1000 1000,1000,1000 1000,1000,1000 1000,1000,1000 1000,1000,1000 1000,1000,1000 1000,1000,1000 1000,1000,1000 1000,1000,1000 1000,1000,1000 1000,1000,1000 1000,1000,1000 1000,1000,1000 1000,1000,1000 1000,1000,1000 1000,1000,1000 1000,1000,1000 1000,1000,1000 1000,1000,1000 1000,1000,1000 1000,1000,1000 1000,1000,1000 1000,1000,1000 1000,1000,1000 1000,1000,1000 1000,1000,1000 1000,1000,1000 1000,1000,1000 1000,1000,1000 1000,1000,1000 1000,1000,1000 1000,1000,1000 1000,1000,1000 1000,1000,1000 1000,1000,1000 1000,1000,1000 1000,1000,1000 1000,1000,1000 1000,1000,1000 1000,1000,1000 1000,1000,1000 1000,1000,1000 1000,1000,1000 1000,1000,1000 1000,1000,1000 1000,1000,1000 1000,1000,1000 1000,1000,1000 1000,1000,1000 1000,1000,1000 1000,1000,1000 1000,1000,1000 1000,1000,1000 1000,1000,1000 1000,1000,1000 1000,1000,1000 1000,1000,1000 1000,1000,1000 1000,1000,1000 1000,1000,1000 1000,1000,1000 1000,1000,1000 1000,1000,1000 1000,1000,1000 1000,1000,1000 1000,1000,1000 1000,1000,1000
1000,1000,1000 1000,1000,1000 1000,1000,1000 1000,1000,1000 1000,1000,1000 1000,1000,1000 1000,1000,1000 1000,1000,1000 1000,1000,1000 1000,1000,1000 1000,1000,1000 1000,1000,1000 1000,1000,1000 1000,1000,1000 1000,1000,1000 1000,1000,1000 1000,1000,1000 1000,1000,1000 1000,1000,1000 1000,1000,1000 1000,1000,1000 1000,1000,1000 1000,1000,1000 1000,1000,1000 1000,1000,1000 1000,1000,1000 1000,1000,1000 1000,1000,1000 1000,1000,1000 1000,1000,1000 1000,1000,1000 1000,1000,1000 1000,1000,1000 1000,1000,1000 1000,1000,1000 1000,1000,1000 1000,1000,1000 1000,1000,1000 1000,1000,1000 1000,1000,1000 1000,1000,1000 1000,1000,1000 1000,1000,1000 1000,1000,1000 1000,1000,1000 1000,1000,1000 1000,1000,1000 1000,1000,1000 1000,1000,1000 1000,1000,1000 1000,1000,1000 1000,1000,1000 1000,1000,1000 1000,1000,1000 1000,1000,1000 1000,1000,1000 1000,1000,1000 1000,1000,1000 1000,1000,1000 1000,1000,1000 1000,1000,1000 1000,1000,1000 1000,1000,1000 1000,1000,1000 1000,1000,1000 1000,1000,1000 1000,1000,1000 1000,1000,1000 1000,1000,1000 1000,1000,1000 1000,1000,1000 1000,1000,1000 1000,1000,1000 1000,1000,1000 1000,1000,1000 1000,1000,1000 1000,1000,1000 1000,1000,1000 1000,1000,1000
1000,1000,1000 1000,1000,1000 1000,1000,1000 1000,1000,1000 1000,1000,1000 1000,1000,1000 1000,1000,1000 1000,1000,1000 1000,1000,1000 1000,1000,1000 1000,1000,1000 1000,1000,1000 1000,1000,1000 1000,1000,1000 1000,1000,1000 1000,1000,1000 1000,1000,1000 1000,1000,1000 1000,1000,1000 1000,1000,1000 1000,1000,1000 1000,1000,1000 1000,1000,1000 1000,1000,1000 1000,1000,1000 1000,1000,1000 1000,1000,1000 1000,1000,1000 1000,1000,1000 1000,1000,1000 1000,1000,1000 1000,1000,1000 1000,1000,1000 1000,1000,1000 1000,1000,1000 1000,1000,1000 1000,1000,1000 1000,1000,1000 1000,1000,1000 1000,1000,1000 1000,1000,1000 1000,1000,1000 1000,1000,1000 1000,1000,1000 1000,1000,1000 1000,1000,1000 1000,1000,1000 1000,1000,1000 1000,1000,1000 1000,1000,1000 1000,1000,1000 1000,1000,1000 1000,1000,1000 1000,1000,1000 1000,1000,1000 1000,1000,1000 1000,1000,1000 1000,1000,1000 1000,1000,1000 1000,1000,1000 1000,1000,1000 1000,1000,1000 1000,1000,1000 1000,1000,1000 1000,1000,1000 1000,1000,1000 1000,1000,1000 1000,1000,1000 1000,1000,1000 1000,1000,1000 1000,1000,1000 1000,1000,1000 1000,1000,1000 1000,1000,1000 1000,1000,1000 1000,1000,1000 1000,1000,1000 1000,1000,1000 1000,1000,1000
1000,1000,1000 1000,1000,1000 1000,1000,1000 1000,1000,1000 1000,1000,1000 1000,1000,1000 1000,1000,1000 1000,1000,1000 1000,1000,1000 1000,1000,1000 1000,1000,1000 1000,1000,1000 1000,1000,1000 1000,1000,1000 1000,1000,1000 1000,1000,1000 1000,1000,1000 1000,1000,1000 1000,1000,1000 1000,1000,1000 1000,1000,1000 1000,1000,1000 1000,1000,1000 1000,1000,1000 1000,1000,1000 1000,1000,1000 1000,1000,1000 1000,1000,1000 1000,1000,1000 1000,1000,1000 1000,1000,1000 1000,1000,1000 1000,1000,1000 1000,1000,1000 1000,1000,1000 1000,1000,1000 1000,1000,1000 1000,1000,1000 1000,1000,1000 1000,1000,1000 1000,1000,1000 1000,1000,1000 1000,1000,1000 1000,1000,1000 1000,1000,1000 1000,1000,1000 1000,1000,1000 1000,1000,1000 1000,1000,1000 1000,1000,1000 1000,1000,1000 1000,1000,1000 1000,1000,1000 1000,1000,1000 1000,1000,1000 1000,1000,1000 1000,1000,1000 1000,1000,1000 1000,1000,1000 1000,1000,1000 1000,1000,1000 1000,1000,1000 1000,1000,1000 1000,1000,1000 1000,1000,1000 1000,1000,1000 1000,1000,1000 1000,1000,1000 1000,1000,1000 1000,1000,1000 1000,1000,1000 1000,1000,1000 1000,1000,1000 1000,1000,1000 1000,1000,1000 1000,1000,1000 1000,1000,1000 1000,1000,1000 1000,1000,1000
1000,1000,1000 1000,1000,1000 1000,1000,1000 1000,1000,1000 1000,1000,1000 1000,1000,1000 1000,1000,1000 1000,1000,1000 1000,1000,1000 1000,1000,1000 1000,1000,1000 1000,1000,1000 1000,1000,1000 1000,1000,1000 1000,1000,1000 1000,1000,1000 1000,1000,1000 1000,1000,1000 1000,1000,1000 1000,1000,1000 1000,1000,1000 1000,1000,1000 1000,1000,1000 1000,1000,1000 1000,1000,1000 1000,1000,1000 1000,1000,1000 1000,1000,1000 1000,1000,1000 1000,1000,1000 1000,1000,1000 1000,1000,1000 1000,1000,1000 1000,1000,1000 1000,1000,1000 1000,1000,1000 1000,1000,1000 1000,1000,1000 1000,1000,1000 1000,1000,1000 1000,1000,1000 1000,1000,1000 1000,1000,1000 1000,1000,1000 1000,1000,1000 1000,1000,1000 1000,1000,1000 1000,1000,1000 1000,1000,1000 1000,1000,1000 1000,1000,1000 1000,1000,1000 1000,1000,1000 1000,1000,1000 1000,1000,1000 1000,1000,1000 1000,1000,1000 1000,1000,1000 1000,1000,1000 1000,1000,1000 1000,1000,1000 1000,1000,1000 1000,1000,1000 1000,1000,1000 1000,1000,1000 1000,1000,1000 1000,1000,1000 1000,1000,1000 1000,1000,1000 1000,1000,1000 1000,1000,1000 1000,1000,1000 1000,1000,1000 1000,1000,1000 1000,1000,1000 1000,1000,1000 1000,1000,1000 1000,1000,1000 1000,1000,1000
1000,1000,1000 1000,1000,1000 1000,1000,1000 1000,1000,1000 1000,1000,1000 1000,1000,1000 1000,1000,1000 1000,1000,1000 1000,1000,1000 1000,1000,1000 1000,1000,1000 1000,1000,1000 1000,1000,1000 1000,1000,1000 1000,1000,1000 1000,1000,1000 1000,1000,1000 1000,1000,1000 1000,1000,1000 1000,1000,1000 1000,1000,1000 1000,1000,1000 1000,1000,1000 1000,1000,1000 1000,1000,1000 1000,1000,1000 1000,1000,1000 1000,1000,1000 1000,1000,1000 1000,1000,1000 1000,1000,1000 1000,1000,1000 1000,1000,1000 1000,1000,1000 1000,1000,1000 1000,1000,1000 1000,1000,1000 1000,1000,1000 1000,1000,1000 1000,1000,1000 1000,1000,1000 1000,1000,1000 1000,1000,1000 1000,1000,1000 1000,1000,1000 1000,1000,1000 1000,1000,1000 1000,1000,1000 1000,1000,1000 1000,1000,1000 1000,1000,1000 1000,1000,1000 1000,1000,1000 1000,1000,1000 1000,1000,1000 1000,1000,1000 1000,1000,1000 1000,1000,1000 1000,1000,1000 1000,1000,1000 1000,1000,1000 1000,1000,1000 1000,1000,1000 1000,1000,1000 1000,1000,1000 1000,1000,1000 1000,1000,1000 1000,1000,1000 1000,1000,1000 1000,1000,1000 1000,1000,1000 1000,1000,1000 1000,1000,1000 1000,1000,1000 1000,1000,1000 1000,1000,1000 1000,1000,1000 1000,1000,1000 1000,1000,1000
1000,1000,1000 1000,1000,1000 1000,1000,1000 1000,1000,1000 1000,1000,1000 1000,1000,1000 1000,1000,1000 1000,1000,1000 1000,1000,1000 1000,1000,1000 1000,1000,1000 1000,1000,1000 1000,1000,1000 1000,1000,1000 1000,1000,1000 1000,1000,1000 1000,1000,1000 1000,1000,1000 1000,1000,1000 1000,1000,1000 1000,1000,1000 1000,1000,1000 1000,1000,1000 1000,1000,1000 1000,1000,1000 1000,1000,1000 1000,1000,1000 1000,1000,1000 1000,1000,1000 1000,1000,1000 1000,1000,1000 1000,1000,1000 1000,1000,1000 1000,1000,1000 1000,1000,1000 1000,1000,1000 1000,1000,1000 1000,1000,1000 1000,1000,1000 1000,1000,1000 1000,1000,1000 1000,1000,1000 1000,1000,1000 1000,1000,1000 1000,1000,1000 1000,1000,1000 1000,1000,1000 1000,1000,1000 1000,1000,1000 1000,1000,1000 1000,1000,1000 1000,1000,1000 1000,1000,1000 1000,1000,1000 1000,1000,1000 1000,1000,1000 1000,1000,1000 1000,1000,1000 1000,1000,1000 1000,1000,1000 1000,1000,1000 1000,1000,1000 1000,1000,1000 1000,1000,1000 1000,1000,1000 1000,1000,1000 1000,1000,1000 1000,1000,1000 1000,1000,1000 1000,1000,1000 1000,1000,1000 1000,1000,1000 1000,1000,1000 1000,1000,1000 1000,1000,1000 1000,1000,1000 1000,1000,1000 1000,1000,1000 1000,1000,1000
1000,1000,1000 1000,1000,1000 1000,1000,1000 1000,1000,1000 1000,1000,1000 1000,1000,1000 1000,1000,1000 1000,1000,1000 1000,1000,1000 1000,1000,1000 1000,1000,1000 1000,1000,1000 1000,1000,1000 1000,1000,1000 1000,1000,1000 1000,1000,1000 1000,1000,1000 1000,1000,1000 1000,1000,1000 1000,1000,1000 1000,1000,1000 1000,1000,1000 1000,1000,1000 1000,1000,1000 1000,1000,1000 1000,1000,1000 1000,1000,1000 1000,1000,1000 1000,1000,1000 1000,1000,1000 1000,1000,1000 1000,1000,1000 1000,1000,1000 1000,1000,1000 1000,1000,1000 1000,1000,1000 1000,1000,1000 1000,1000,1000 1000,1000,1000 1000,1000,1000 1000,1000,1000 1000,1000,1000 1000,1000,1000 1000,1000,1000 1000,1000,1000 1000,1000,1000 1000,1000,1000 1000,1000,1000 1000,1000,1000 1000,1000,1000 1000,1000,1000 1000,1000,1000 1000,1000,1000 1000,1000,1000 1000,1000,1000 1000,1000,1000 1000,1000,1000 1000,1000,1000 1000,1000,1000 1000,1000,1000 1000,1000,1000 1000,1000,1000 1000,1000,1000 1000,1000,1000 1000,1000,1000 1000,1000,1000 1000,1000,1000 1000,1000,1000 1000,1000,1000 1000,1000,1000 1000,1000,1000 1000,1000,1000 1000,1000,1000 1000,1000,1000 1000,1000,1000 1000,1000,1000 1000,1000,1000 1000,1000,1000 1000,1000,1000
1000,1000,1000 1000,1000,1000 1000,1000,1000 1000,1000,1000 1000,1000,1000 1000,1000,1000 1000,1000,1000 1000,1000,1000 1000,1000,1000 1000,1000,1000 1000,1000,1000 1000,1000,1000 1000,1000,1000 1000,1000,1000 1000,1000,1000 1000,1000,1000 1000,1000,1000 1000,1000,1000 1000,1000,1000 1000,1000,1000 1000,1000,1000 1000,1000,1000 1000,1000,1000 1000,1000,1000 1000,1000,1000 1000,1000,1000 1000,1000,1000 1000,1000,1000 1000,1000,1000 1000,1000,1000 1000,1000,1000 1000,1000,1000 1000,1000,1000 1000,1000,1000 1000,1000,1000 1000,1000,1000 1000,1000,1000 1000,1000,1000 1000,1000,1000 1000,1000,1000 1000,1000,1000 1000,1000,1000 1000,1000,1000 1000,1000,1000 1000,1000,1000 1000,1000,1000 1000,1000,1000 1000,1000,1000 1000,1000,1000 1000,1000,1000 1000,1000,1000 1000,1000,1000 1000,1000,1000 1000,1000,1000 1000,1000,1000 1000,1000,1000 1000,1000,1000 1000,1000,1000 1000,1000,1000 1000,1000,1000 1000,1000,1000 1000,1000,1000 1000,1000,1000 1000,1000,1000 1000,1000,1000 1000,1000,1000 1000,1000,1000 1000,1000,1000 1000,1000,1000 1000,1000,1000 1000,1000,1000 1000,1000,1000 1000,1000,1000 1000,1000,1000 1000,1000,1000 1000,1000,1000 1000,1000,1000 1000,1000,1000 1000,1000,1000
0,0,0 0,0,0 0,0,0 0,0,0 0,0,0 0,0,0 0,0,0 0,0,0 0,0,0 0,0,0 0,0,0 0,0,0 0,0,0 0,0,0 0,0,0 0,0,0 0,0,0 0,0,0 0,0,0 0,0,0 0,0,0 0,0,0 0,0,0 0,0,0 0,0,0 0,0,0 0,0,0 0,0,0 0,0,0 0,0,0 0,0,0 0,0,0 0,0,0 0,0,0 0,0,0 0,0,0 0,0,0 0,0,0 0,0,0 0,0,0 0,0,0 0,0,0 0,0,0 0,0,0 0,0,0 0,0,0 0,0,0 0,0,0 0,0,0 0,0,0 0,0,0 0,0,0 0,0,0 0,0,0 0,0,0 0,0,0 0,0,0 0,0,0 0,0,0 0,0,0 0,0,0 0,0,0 0,0,0 0,0,0 0,0,0 0,0,0 0,0,0 0,0,0 0,0,0 0,0,0 0,0,0 0,0,0 0,0,0 0,0,0 0,0,0 0,0,0 0,0,0 0,0,0 0,0,0
0,0,0 0,0,0 0,0,0 0,0,0 0,0,0 0,0,0 0,0,0 0,0,0 0,0,0 0,0,0 0,0,0 0,0,0 0,0,0 0,0,0 0,0,0 0,0,0 0,0,0 0,0,0 0,0,0 0,0,0 0,0,0 0,0,0 0,0,0 0,0,0 0,0,0 0,0,0 0,0,0 0,0,0 0,0,0 0,0,0 0,0,0 0,0,0 0,0,0 0,0,0 0,0,0 0,0,0 0,0,0 0,0,0 0,0,0 0,0,0 0,0,0 0,0,0 0,0,0 0,0,0 0,0,0 0,0,0 0,0,0 0,0,0 0,0,0 0,0,0 0,0,0 0,0,0 0,0,0 0,0,0 0,0,0 0,0,0 0,0,0 0,0,0 0,0,0 0,0,0 0,0,0 0,0,0 0,0,0 0,0,0 0,0,0 0,0,0 0,0,0 0,0,0 0,0,0 0,0,0 0,0,0 0,0,0 0,0,0 0,0,0 0,0,0 0,0,0 0,0,0 0,0,0 0,0,0
0,0,0 0,0,0 0,0,0 0,0,0 0,0,0 0,0,0 0,0,0 0,0,0 0,0,0 0,0,0 0,0,0 0,0,0 0,0,0 0,0,0 0,0,0 0,0,0 0,0,0 0,0,0 0,0,0 0,0,0 0,0,0 0,0,0 0,0,0 0,0,0 0,0,0 0,0,0 0,0,0 0,0,0 0,0,0 0,0,0 0,0,0 0,0,0 0,0,0 0,0,0 0,0,0 0,0,0 0,0,0 0,0,0 0,0,0 0,0,0 0,0,0 0,0,0 0,0,0 0,0,0 0,0,0 0,0,0 0,0,0 0,0,0 0,0,0 0,0,0 0,0,0 0,0,0 0,0,0 0,0,0 0,0,0 0,0,0 0,0,0 0,0,0 0,0,0 0,0,0 0,0,0 0,0,0 0,0,0 0,0,0 0,0,0 0,0,0 0,0,0 0,0,0 0,0,0 0,0,0 0,0,0 0,0,0 0,0,0 0,0,0 0,0,0 0,0,0 0,0,0 0,0,0 0,0,0
0,0,0 0,0,0 0,0,0 0,0,0 0,0,0 0,0,0 0,0,0 0,0,0 0,0,0 0,0,0 0,0,0 0,0,0 0,0,0 0,0,0 0,0,0 0,0,0 0,0,0 0,0,0 0,0,0 0,0,0 0,0,0 0,0,0 0,0,0 0,0,0 0,0,0 0,0,0 0,0,0 0,0,0 0,0,0 0,0,0 0,0,0 0,0,0 0,0,0 0,0,0 0,0,0 0,0,0 0,0,0 0,0,0 0,0,0 0,0,0 0,0,0 0,0,0 0,0,0 0,0,0 0,0,0 0,0,0 0,0,0 0,0,0 0,0,0 0,0,0 0,0,0 0,0,0 0,0,0 0,0,0 0,0,0 0,0,0 0,0,0 0,0,0 0,0,0 0,0,0 0,0,0 0,0,0 0,0,0 0,0,0 0,0,0 0,0,0 0,0,0 0,0,0 0,0,0 0,0,0 0,0,0 0,0,0 0,0,0 0,0,0 0,0,0 0,0,0 0,0,0 0,0,0 0,0,0
0,0,0 0,0,0 0,0,0 0,0,0 0,0,0 0,0,0 0,0,0 0,0,0 0,0,0 0,0,0 0,0,0 0,0,0 0,0,0 0,0,0 0,0,0 0,0,0 0,0,0 0,0,0 0,0,0 0,0,0 0,0,0 0,0,0 0,0,0 0,0,0 0,0,0 0,0,0 0,0,0 0,0,0 0,0,0 0,0,0 0,0,0 0,0,0 0,0,0 0,0,0 0,0,0 0,0,0 0,0,0 0,0,0 0,0,0 0,0,0 0,0,0 0,0,0 0,0,0 0,0,0 0,0,0 0,0,0 0,0,0 0,0,0 0,0,0 0,0,0 0,0,0 0,0,0 0,0,0 0,0,0 0,0,0 0,0,0 0,0,0 0,0,0 0,0,0 0,0,0 0,0,0 0,0,0 0,0,0 0,0,0 0,0,0 0,0,0 0,0,0 0,0,0 0,0,0 0,0,0 0,0,0 0,0,0 0,0,0 0,0,0 0,0,0 0,0,0 0,0,0 0,0,0 0,0,0
0,0,0 0,0,0 0,0,0 0,0,0 0,0,0 0,0,0 0,0,0 0,0,0 0,0,0 0,0,0 0,0,0 0,0,0 0,0,0 0,0,0 0,0,0 0,0,0 0,0,0 0,0,0 0,0,0 0,0,0 0,0,0 0,0,0 0,0,0 0,0,0 0,0,0 0,0,0 0,0,0 0,0,0 0,0,0 0,0,0 0,0,0 0,0,0 0,0,0 0,0,0 0,0,0 0,0,0 0,0,0 0,0,0 0,0,0 0,0,0 0,0,0 0,0,0 0,0,0 0,0,0 0,0,0 0,0,0 0,0,0 0,0,0 0,0,0 0,0,0 0,0,0 0,0,0 0,0,0 0,0,0 0,0,0 0,0,0 0,0,0 0,0,0 0,0,0 0,0,0 0,0,0 0,0,0 0,0,0 0,0,0 0,0,0 0,0,0 0,0,0 0,0,0 0,0,0 0,0,0 0,0,0 0,0,0 0,0,0 0,0,0 0,0,0 0,0,0 0,0,0 0,0,0 0,0,0
0,0,0 0,0,0 0,0,0 0,0,0 0,0,0 0,0,0 0,0,0 0,0,0 0,0,0 0,0,0 0,0,0 0,0,0 0,0,0 0,0,0 0,0,0 0,0,0 0,0,0 0,0,0 0,0,0 0,0,0 0,0,0 0,0,0 0,0,0 0,0,0 0,0,0 0,0,0 0,0,0 0,0,0 0,0,0 0,0,0 0,0,0 0,0,0 0,0,0 0,0,0 0,0,0 0,0,0 0,0,0 0,0,0 0,0,0 0,0,0 0,0,0 0,0,0 0,0,0 0,0,0 0,0,0 0,0,0 0,0,0 0,0,0 0,0,0 0,0,0 0,0,0 0,0,0 0,0,0 0,0,0 0,0,0 0,0,0 0,0,0 0,0,0 0,0,0 0,0,0 0,0,0 0,0,0 0,0,0 0,0,0 0,0,0 0,0,0 0,0,0 0,0,0 0,0,0 0,0,0 0,0,0 0,0,0 0,0,0 0,0,0 0,0,0 0,0,0 0,0,0 0,0,0 0,0,0
0,0,0 0,0,0 0,0,0 0,0,0 0,0,0 0,0,0 0,0,0 0,0,0 0,0,0 0,0,0 0,0,0 0,0,0 0,0,0 0,0,0 0,0,0 0,0,0 0,0,0 0,0,0 0,0,0 0,0,0 0,0,0 0,0,0 0,0,0 0,0,0 0,0,0 0,0,0 0,0,0 0,0,0 0,0,0 0,0,0 0,0,0 0,0,0 0,0,0 0,0,0 0,0,0 0,0,0 0,0,0 0,0,0 0,0,0 0,0,0 0,0,0 0,0,0 0,0,0 0,0,0 0,0,0 0,0,0 0,0,0 0,0,0 0,0,0 0,0,0 0,0,0 0,0,0 0,0,0 0,0,0 0,0,0 0,0,0 0,0,0 0,0,0 0,0,0 0,0,0 0,0,0 0,0,0 0,0,0 0,0,0 0,0,0 0,0,0 0,0,0 0,0,0 0,0,0 0,0,0 0,0,0 0,0,0 0,0,0 0,0,0 0,0,0 0,0,0 0,0,0 0,0,0 0,0,0
0,0,0 0,0,0 0,0,0 0,0,0 0,0,0 0,0,0 0,0,0 0,0,0 0,0,0 0,0,0 0,0,0 0,0,0 0,0,0 0,0,0 0,0,0 0,0,0 0,0,0 0,0,0 0,0,0 0,0,0 0,0,0 0,0,0 0,0,0 0,0,0 0,0,0 0,0,0 0,0,0 0,0,0 0,0,0 0,0,0 0,0,0 0,0,0 0,0,0 0,0,0 0,0,0 0,0,0 0,0,0 0,0,0 0,0,0 0,0,0 0,0,0 0,0,0 0,0,0 0,0,0 0,0,0 0,0,0 0,0,0 0,0,0 0,0,0 0,0,0 0,0,0 0,0,0 0,0,0 0,0,0 0,0,0 0,0,0 0,0,0 0,0,0 0,0,0 0,0,0 0,0,0 0,0,0 0,0,0 0,0,0 0,0,0 0,0,0 0,0,0 0,0,0 0,0,0 0,0,0 0,0,0 0,0,0 0,0,0 0,0,0 0,0,0 0,0,0 0,0,0 0,0,0 0,0,0
0,0,0 0,0,0 0,0,0 0,0,0 0,0,0 0,0,0 0,0,0 0,0,0 0,0,0 0,0,0 0,0,0 0,0,0 0,0,0 0,0,0 0,0,0 0,0,0 0,0,0 0,0,0 0,0,0 0,0,0 0,0,0 0,0,0 0,0,0 0,0,0 0,0,0 0,0,0 0,0,0 0,0,0 0,0,0 0,0,0 0,0,0 0,0,0 0,0,0 0,0,0 0,0,0 0,0,0 0,0,0 0,0,0 0,0,0 0,0,0 0,0,0 0,0,0 0,0,0 0,0,0 0,0,0 0,0,0 0,0,0 0,0,0 0,0,0 0,0,0 0,0,0 0,0,0 0,0,0 0,0,0 0,0,0 0,0,0 0,0,0 0,0,0 0,0,0 0,0,0 0,0,0 0,0,0 0,0,0 0,0,0 0,0,0 0,0,0 0,0,0 0,0,0 0,0,0 0,0,0 0,0,0 0,0,0 0,0,0 0,0,0 0,0,0 0,0,0 0,0,0 0,0,0 0,0,0
0,0,0 0,0,0 0,0,0 0,0,0 0,0,0 0,0,0 0,0,0 0,0,0 0,0,0 0,0,0 0,0,0 0,0,0 0,0,0 0,0,0 0,0,0 0,0,0 0,0,0 0,0,0 0,0,0 0,0,0 0,0,0 0,0,0 0,0,0 0,0,0 0,0,0 0,0,0 0,0,0 0,0,0 0,0,0 0,0,0 0,0,0 0,0,0 0,0,0 0,0,0 0,0,0 0,0,0 0,0,0 0,0,0 0,0,0 0,0,0 0,0,0 0,0,0 0,0,0 0,0,0 0,0,0 0,0,0 0,0,0 0,0,0 0,0,0 0,0,0 0,0,0 0,0,0 0,0,0 0,0,0 0,0,0 0,0,0 0,0,0 0,0,0 0,0,0 0,0,0 0,0,0 0,0,0 0,0,0 0,0,0 0,0,0 0,0,0 0,0,0 0,0,0 0,0,0 0,0,0 0,0,0 0,0,0 0,0,0 0,0,0 0,0,0 0,0,0 0,0,0 0,0,0 0,0,0
0,0,0 0,0,0 0,0,0 0,0,0 0,0,0 0,0,0 0,0,0 0,0,0 0,0,0 0,0,0 0,0,0 0,0,0 0,0,0 0,0,0 0,0,0 0,0,0 0,0,0 0,0,0 0,0,0 0,0,0 0,0,0 0,0,0 0,0,0 0,0,0 0,0,0 0,0,0 0,0,0 0,0,0 0,0,0 0,0,0 0,0,0 0,0,0 0,0,0 0,0,0 0,0,0 0,0,0 0,0,0 0,0,0 0,0,0 0,0,0 0,0,0 0,0,0 0,0,0 0,0,0 0,0,0 0,0,0 0,0,0 0,0,0 0,0,0 0,0,0 0,0,0 0,0,0 0,0,0 0,0,0 0,0,0 0,0,0 0,0,0 0,0,0 0,0,0 0,0,0 0,0,0 0,0,0 0,0,0 0,0,0 0,0,0 0,0,0 0,0,0 0,0,0 0,0,0 0,0,0 0,0,0 0,0,0 0,0,0 0,0,0 0,0,0 0,0,0 0,0,0 0,0,0 0,0,0
0,0,0 0,0,0 0,0,0 0,0,0 0,0,0 0,0,0 0,0,0 0,0,0 0,0,0 0,0,0 0,0,0 0,0,0 0,0,0 0,0,0 0,0,0 0,0,0 0,0,0 0,0,0 0,0,0 0,0,0 0,0,0 0,0,0 0,0,0 0,0,0 0,0,0 0,0,0 0,0,0 0,0,0 0,0,0 0,0,0 0,0,0 0,0,0 0,0,0 0,0,0 0,0,0 0,0,0 0,0,0 0,0,0 0,0,0 0,0,0 0,0,0 0,0,0 0,0,0 0,0,0 0,0,0 0,0,0 0,0,0 0,0,0 0,0,0 0,0,0 0,0,0 0,0,0 0,0,0 0,0,0 0,0,0 0,0,0 0,0,0 0,0,0 0,0,0 0,0,0 0,0,0 0,0,0 0,0,0 0,0,0 0,0,0 0,0,0 0,0,0 0,0,0 0,0,0 0,0,0 0,0,0 0,0,0 0,0,0 0,0,0 0,0,0 0,0,0 0,0,0 0,0,0 0,0,0
0,0,0 0,0,0 0,0,0 0,0,0 0,0,0 0,0,0 0,0,0 0,0,0 0,0,0 0,0,0 0,0,0 0,0,0 0,0,0 0,0,0 0,0,0 0,0,0 0,0,0 0,0,0 0,0,0 0,0,0 0,0,0 0,0,0 0,0,0 0,0,0 0,0,0 0,0,0 0,0,0 0,0,0 0,0,0 0,0,0 0,0,0 0,0,0 0,0,0 0,0,0 0,0,0 0,0,0 0,0,0 0,0,0 0,0,0 0,0,0 0,0,0 0,0,0 0,0,0 0,0,0 0,0,0 0,0,0 0,0,0 0,0,0 0,0,0 0,0,0 0,0,0 0,0,0 0,0,0 0,0,0 0,0,0 0,0,0 0,0,0 0,0,0 0,0,0 0,0,0 0,0,0 0,0,0 0,0,0 0,0,0 0,0,0 0,0,0 0,0,0 0,0,0 0,0,0 0,0,0 0,0,0 0,0,0 0,0,0 0,0,0 0,0,0 0,0,0 0,0,0 0,0,0 0,0,0
0,0,0 0,0,0 0,0,0 0,0,0 0,0,0 0,0,0 0,0,0 0,0,0 0,0,0 0,0,0 0,0,0 0,0,0 0,0,0 0,0,0 0,0,0 0,0,0 0,0,0 0,0,0 0,0,0 0,0,0 0,0,0 0,0,0 0,0,0 0,0,0 0,0,0 0,0,0 0,0,0 0,0,0 0,0,0 0,0,0 0,0,0 0,0,0 0,0,0 0,0,0 0,0,0 0,0,0 0,0,0 0,0,0 0,0,0 0,0,0 0,0,0 0,0,0 0,0,0 0,0,0 0,0,0 0,0,0 0,0,0 0,0,0 0,0,0 0,0,0 0,0,0 0,0,0 0,0,0 0,0,0 0,0,0 0,0,0 0,0,0 0,0,0 0,0,0 0,0,0 0,0,0 0,0,0 0,0,0 0,0,0 0,0,0 0,0,0 0,0,0 0,0,0 0,0,0 0,0,0 0,0,0 0,0,0 0,0,0 0,0,0 0,0,0 0,0,0 0,0,0 0,0,0 0,0,0
0,0,0 0,0,0 0,0,0 0,0,0 0,0,0 0,0,0 0,0,0 0,0,0 0,0,0 0,0,0 0,0,0 0,0,0 0,0,0 0,0,0 0,0,0 0,0,0 0,0,0 0,0,0 0,0,0 0,0,0 0,0,0 0,0,0 0,0,0 0,0,0 0,0,0 0,0,0 0,0,0 0,0,0 0,0,0 0,0,0 0,0,0 0,0,0 0,0,0 0,0,0 0,0,0 0,0,0 0,0,0 0,0,0 0,0,0 0,0,0 0,0,0 0,0,0 0,0,0 0,0,0 0,0,0 0,0,0 0,0,0 0,0,0 0,0,0 0,0,0 0,0,0 0,0,0 0,0,0 0,0,0 0,0,0 0,0,0 0,0,0 0,0,0 0,0,0 0,0,0 0,0,0 0,0,0 0,0,0 0,0,0 0,0,0 0,0,0 0,0,0 0,0,0 0,0,0 0,0,0 0,0,0 0,0,0 0,0,0 0,0,0 0,0,0 0,0,0 0,0,0 0,0,0 0,0,0
0,0,0 0,0,0 0,0,0 0,0,0 0,0,0 0,0,0 0,0,0 0,0,0 0,0,0 0,0,0 0,0,0 0,0,0 0,0,0 0,0,0 0,0,0 0,0,0 0,0,0 0,0,0 0,0,0 0,0,0 0,0,0 0,0,0 0,0,0 0,0,0 0,0,0 0,0,0 0,0,0 0,0,0 0,0,0 0,0,0 0,0,0 0,0,0 0,0,0 0,0,0 0,0,0 0,0,0 0,0,0 0,0,0 0,0,0 0,0,0 0,0,0 0,0,0 0,0,0 0,0,0 0,0,0 0,0,0 0,0,0 0,0,0 0,0,0 0,0,0 0,0,0 0,0,0 0,0,0 0,0,0 0,0,0 0,0,0 0,0,0 0,0,0 0,0,0 0,0,0 0,0,0 0,0,0 0,0,0 0,0,0 0,0,0 0,0,0 0,0,0 0,0,0 0,0,0 0,0,0 0,0,0 0,0,0 0,0,0 0,0,0 0,0,0 0,0,0 0,0,0 0,0,0 0,0,0
0,0,0 0,0,0 0,0,0 0,0,0 0,0,0 0,0,0 0,0,0 0,0,0 0,0,0 0,0,0 0,0,0 0,0,0 0,0,0 0,0,0 0,0,0 0,0,0 0,0,0 0,0,0 0,0,0 0,0,0 0,0,0 0,0,0 0,0,0 0,0,0 0,0,0 0,0,0 0,0,0 0,0,0 0,0,0 0,0,0 0,0,0 0,0,0 0,0,0 0,0,0 0,0,0 0,0,0 0,0,0 0,0,0 0,0,0 0,0,0 0,0,0 0,0,0 0,0,0 0,0,0 0,0,0 0,0,0 0,0,0 0,0,0 0,0,0 0,0,0 0,0,0 0,0,0 0,0,0 0,0,0 0,0,0 0,0,0 0,0,0 0,0,0 0,0,0 0,0,0 0,0,0 0,0,0 0,0,0 0,0,0 0,0,0 0,0,0 0,0,0 0,0,0 0,0,0 0,0,0 0,0,0 0,0,0 0,0,0 0,0,0 0,0,0 0,0,0 0,0,0 0,0,0 0,0,0
0,0,0 0,0,0 0,0,0 0,0,0 0,0,0 0,0,0 0,0,0 0,0,0 0,0,0 0,0,0 0,0,0 0,0,0 0,0,0 0,0,0 0,0,0 0,0,0 0,0,0 0,0,0 0,0,0 0,0,0 0,0,0 0,0,0 0,0,0 0,0,0 0,0,0 0,0,0 0,0,0 0,0,0 0,0,0 0,0,0 0,0,0 0,0,0 0,0,0 0,0,0 0,0,0 0,0,0 0,0,0 0,0,0 0,0,0 0,0,0 0,0,0 0,0,0 0,0,0 0,0,0 0,0,0 0,0,0 0,0,0 0,0,0 0,0,0 0,0,0 0,0,0 0,0,0 0,0,0 0,0,0 0,0,0 0,0,0 0,0,0 0,0,0 0,0,0 0,0,0 0,0,0 0,0,0 0,0,0 0,0,0 0,0,0 0,0,0 0,0,0 0,0,0 0,0,0 0,0,0 0,0,0 0,0,0 0,0,0 0,0,0 0,0,0 0,0,0 0,0,0 0,0,0 0,0,0
0,0,0 0,0,0 0,0,0 0,0,0 0,0,0 0,0,0 0,0,0 0,0,0 0,0,0 0,0,0 0,0,0 0,0,0 0,0,0 0,0,0 0,0,0 0,0,0 0,0,0 0,0,0 0,0,0 0,0,0 0,0,0 0,0,0 0,0,0 0,0,0 0,0,0 0,0,0 0,0,0 0,0,0 0,0,0 0,0,0 0,0,0 0,0,0 0,0,0 0,0,0 0,0,0 0,0,0 0,0,0 0,0,0 0,0,0 0,0,0 0,0,0 0,0,0 0,0,0 0,0,0 0,0,0 0,0,0 0,0,0 0,0,0 0,0,0 0,0,0 0,0,0 0,0,0 0,0,0 0,0,0 0,0,0 0,0,0 0,0,0 0,0,0 0,0,0 0,0,0 0,0,0 0,0,0 0,0,0 0,0,0 0,0,0 0,0,0 0,0,0 0,0,0 0,0,0 0,0,0 0,0,0 0,0,0 0,0,0 0,0,0 0,0,0 0,0,0 0,0,0 0,0,0 0,0,0
0,0,0 0,0,0 0,0,0 0,0,0 0,0,0 0,0,0 0,0,0 0,0,0 0,0,0 0,0,0 0,0,0 0,0,0 0,0,0 0,0,0 0,0,0 0,0,0 0,0,0 0,0,0 0,0,0 0,0,0 0,0,0 0,0,0 0,0,0 0,0,0 0,0,0 0,0,0 0,0,0 0,0,0 0,0,0 0,0,0 0,0,0 0,0,0 0,0,0 0,0,0 0,0,0 0,0,0 0,0,0 0,0,0 0,0,0 0,0,0 0,0,0 0,0,0 0,0,0 0,0,0 0,0,0 0,0,0 0,0,0 0,0,0 0,0,0 0,0,0 0,0,0 0,0,0 0,0,0 0,0,0 0,0,0 0,0,0 0,0,0 0,0,0 0,0,0 0,0,0 0,0,0 0,0,0 0,0,0 0,0,0 0,0,0 0,0,0 0,0,0 0,0,0 0,0,0 0,0,0 0,0,0 0,0,0 0,0,0 0,0,0 0,0,0 0,0,0 0,0,0 0,0,0 0,0,0
0,0,0 0,0,0 0,0,0 0,0,0 0,0,0 0,0,0 0,0,0 0,0,0 0,0,0 0,0,0 0,0,0 0,0,0 0,0,0 0,0,0 0,0,0 0,0,0 0,0,0 0,0,0 0,0,0 0,0,0 0,0,0 0,0,0 0,0,0 0,0,0 0,0,0 0,0,0 0,0,0 0,0,0 0,0,0 0,0,0 0,0,0 0,0,0 0,0,0 0,0,0 0,0,0 0,0,0 0,0,0 0,0,0 0,0,0 0,0,0 0,0,0 0,0,0 0,0,0 0,0,0 0,0,0 0,0,0 0,0,0 0,0,0 0,0,0 0,0,0 0,0,0 0,0,0 0,0,0 0,0,0 0,0,0 0,0,0 0,0,0 0,0,0 0,0,0 0,0,0 0,0,0 0,0,0 0,0,0 0,0,0 0,0,0 0,0,0 0,0,0 0,0,0 0,0,0 0,0,0 0,0,0 0,0,0 0,0,0 0,0,0 0,0,0 0,0,0 0,0,0 0,0,0 0,0,0
0,0,0 0,0,0 0,0,0 0,0,0 0,0,0 0,0,0 0,0,0 0,0,0 0,0,0 0,0,0 0,0,0 0,0,0 0,0,0 0,0,0 0,0,0 0,0,0 0,0,0 0,0,0 0,0,0 0,0,0 0,0,0 0,0,0 0,0,0 0,0,0 0,0,0 0,0,0 0,0,0 0,0,0 0,0,0 0,0,0 0,0,0 0,0,0 0,0,0 0,0,0 0,0,0 0,0,0 0,0,0 0,0,0 0,0,0 0,0,0 0,0,0 0,0,0 0,0,0 0,0,0 0,0,0 0,0,0 0,0,0 0,0,0 0,0,0 0,0,0 0,0,0 0,0,0 0,0,0 0,0,0 0,0,0 0,0,0 0,0,0 0,0,0 0,0,0 0,0,0 0,0,0 0,0,0 0,0,0 0,0,0 0,0,0 0,0,0 0,0,0 0,0,0 0,0,0 0,0,0 0,0,0 0,0,0 0,0,0 0,0,0 0,0,0 0,0,0 0,0,0 0,0,0 0,0,0
0,0,0 0,0,0 0,0,0 0,0,0 0,0,0 0,0,0 0,0,0 0,0,0 0,0,0 0,0,0 0,0,0 0,0,0 0,0,0 0,0,0 0,0,0 0,0,0 0,0,0 0,0,0 0,0,0 0,0,0 0,0,0 0,0,0 0,0,0 0,0,0 0,0,0 0,0,0 0,0,0 0,0,0 0,0,0 0,0,0 0,0,0 0,0,0 0,0,0 0,0,0 0,0,0 0,0,0 0,0,0 0,0,0 0,0,0 0,0,0 0,0,0 0,0,0 0,0,0 0,0,0 0,0,0 0,0,0 0,0,0 0,0,0 0,0,0 0,0,0 0,0,0 0,0,0 0,0,0 0,0,0 0,0,0 0,0,0 0,0,0 0,0,0 0,0,0 0,0,0 0,0,0 0,0,0 0,0,0 0,0,0 0,0,0 0,0,0 0,0,0 0,0,0 0,0,0 0,0,0 0,0,0 0,0,0 0,0,0 0,0,0 0,0,0 0,0,0 0,0,0 0,0,0 0,0,0
0,0,0 0,0,0 0,0,0 0,0,0 0,0,0 0,0,0 0,0,0 0,0,0 0,0,0 0,0,0 0,0,0 0,0,0 0,0,0 0,0,0 0,0,0 0,0,0 0,0,0 0,0,0 0,0,0 0,0,0 0,0,0 0,0,0 0,0,0 0,0,0 0,0,0 0,0,0 0,0,0 0,0,0 0,0,0 0,0,0 0,0,0 0,0,0 0,0,0 0,0,0 0,0,0 0,0,0 0,0,0 0,0,0 0,0,0 0,0,0 0,0,0 0,0,0 0,0,0 0,0,0 0,0,0 0,0,0 0,0,0 0,0,0 0,0,0 0,0,0 0,0,0 0,0,0 0,0,0 0,0,0 0,0,0 0,0,0 0,0,0 0,0,0 0,0,0 0,0,0 0,0,0 0,0,0 0,0,0 0,0,0 0,0,0 0,0,0 0,0,0 0,0,0 0,0,0 0,0,0 0,0,0 0,0,0 0,0,0 0,0,0 0,0,0 0,0,0 0,0,0 0,0,0 0,0,0
0,0,0 0,0,0 0,0,0 0,0,0 0,0,0 0,0,0 0,0,0 0,0,0 0,0,0 0,0,0 0,0,0 0,0,0 0,0,0 0,0,0 0,0,0 0,0,0 0,0,0 0,0,0 0,0,0 0,0,0 0,0,0 0,0,0 0,0,0 0,0,0 0,0,0 0,0,0 0,0,0 0,0,0 0,0,0 0,0,0 0,0,0 0,0,0 0,0,0 0,0,0 0,0,0 0,0,0 0,0,0 0,0,0 0,0,0 0,0,0 0,0,0 0,0,0 0,0,0 0,0,0 0,0,0 0,0,0 0,0,0 0,0,0 0,0,0 0,0,0 0,0,0 0,0,0 0,0,0 0,0,0 0,0,0 0,0,0 0,0,0 0,0,0 0,0,0 0,0,0 0,0,0 0,0,0 0,0,0 0,0,0 0,0,0 0,0,0 0,0,0 0,0,0 0,0,0 0,0,0 0,0,0 0,0,0 0,0,0 0,0,0 0,0,0 0,0,0 0,0,0 0,0,0 0,0,0
0,0,0 0,0,0 0,0,0 0,0,0 0,0,0 0,0,0 0,0,0 0,0,0 0,0,0 0,0,0 0,0,0 0,0,0 0,0,0 0,0,0 0,0,0 0,0,0 0,0,0 0,0,0 0,0,0 0,0,0 0,0,0 0,0,0 0,0,0 0,0,0 0,0,0 0,0,0 0,0,0 0,0,0 0,0,0 0,0,0 0,0,0 0,0,0 0,0,0 0,0,0 0,0,0 0,0,0 0,0,0 0,0,0 0,0,0 0,0,0 0,0,0 0,0,0 0,0,0 0,0,0 0,0,0 0,0,0 0,0,0 0,0,0 0,0,0 0,0,0 0,0,0 0,0,0 0,0,0 0,0,0 0,0,0 0,0,0 0,0,0 0,0,0 0,0,0 0,0,0 0,0,0 0,0,0 0,0,0 0,0,0 0,0,0 0,0,0 0,0,0 0,0,0 0,0,0 0,0,0 0,0,0 0,0,0 0,0,0 0,0,0 0,0,0 0,0,0 0,0,0 0,0,0 0,0,0
0,0,0 0,0,0 0,0,0 0,0,0 0,0,0 0,0,0 0,0,0 0,0,0 0,0,0 0,0,0 0,0,0 0,0,0 0,0,0 0,0,0 0,0,0 0,0,0 0,0,0 0,0,0 0,0,0 0,0,0 0,0,0 0,0,0 0,0,0 0,0,0 0,0,0 0,0,0 0,0,0 0,0,0 0,0,0 0,0,0 0,0,0 0,0,0 0,0,0 0,0,0 0,0,0 0,0,0 0,0,0 0,0,0 0,0,0 0,0,0 0,0,0 0,0,0 0,0,0 0,0,0 0,0,0 0,0,0 0,0,0 0,0,0 0,0,0 0,0,0 0,0,0 0,0,0 0,0,0 0,0,0 0,0,0 0,0,0 0,0,0 0,0,0 0,0,0 0,0,0 0,0,0 0,0,0 0,0,0 0,0,0 0,0,0 0,0,0 0,0,0 0,0,0 0,0,0 0,0,0 0,0,0 0,0,0 0,0,0 0,0,0 0,0,0 0,0,0 0,0,0 0,0,0 0,0,0
0,0,0 0,0,0 0,0,0 0,0,0 0,0,0 0,0,0 0,0,0 0,0,0 0,0,0 0,0,0 0,0,0 0,0,0 0,0,0 0,0,0 0,0,0 0,0,0 0,0,0 0,0,0 0,0,0 0,0,0 0,0,0 0,0,0 0,0,0 0,0,0 0,0,0 0,0,0 0,0,0 0,0,0 0,0,0 0,0,0 0,0,0 0,0,0 0,0,0 0,0,0 0,0,0 0,0,0 0,0,0 0,0,0 0,0,0 0,0,0 0,0,0 0,0,0 0,0,0 0,0,0 0,0,0 0,0,0 0,0,0 0,0,0 0,0,0 0,0,0 0,0,0 0,0,0 0,0,0 0,0,0 0,0,0 0,0,0 0,0,0 0,0,0 0,0,0 0,0,0 0,0,0 0,0,0 0,0,0 0,0,0 0,0,0 0,0,0 0,0,0 0,0,0 0,0,0 0,0,0 0,0,0 0,0,0 0,0,0 0,0,0 0,0,0 0,0,0 0,0,0 0,0,0 0,0,0
0,0,0 0,0,0 0,0,0 0,0,0 0,0,0 0,0,0 0,0,0 0,0,0 0,0,0 0,0,0 0,0,0 0,0,0 0,0,0 0,0,0 0,0,0 0,0,0 0,0,0 0,0,0 0,0,0 0,0,0 0,0,0 0,0,0 0,0,0 0,0,0 0,0,0 0,0,0 0,0,0 0,0,0 0,0,0 0,0,0 0,0,0 0,0,0 0,0,0 0,0,0 0,0,0 0,0,0 0,0,0 0,0,0 0,0,0 0,0,0 0,0,0 0,0,0 0,0,0 0,0,0 0,0,0 0,0,0 0,0,0 0,0,0 0,0,0 0,0,0 0,0,0 0,0,0 0,0,0 0,0,0 0,0,0 0,0,0 0,0,0 0,0,0 0,0,0 0,0,0 0,0,0 0,0,0 0,0,0 0,0,0 0,0,0 0,0,0 0,0,0 0,0,0 0,0,0 0,0,0 0,0,0 0,0,0 0,0,0 0,0,0 0,0,0 0,0,0 0,0,0 0,0,0 0,0,0
0,0,0 0,0,0 0,0,0 0,0,0 0,0,0 0,0,0 0,0,0 0,0,0 0,0,0 0,0,0 0,0,0 0,0,0 0,0,0 0,0,0 0,0,0 0,0,0 0,0,0 0,0,0 0,0,0 0,0,0 0,0,0 0,0,0 0,0,0 0,0,0 0,0,0 0,0,0 0,0,0 0,0,0 0,0,0 0,0,0 0,0,0 0,0,0 0,0,0 0,0,0 0,0,0 0,0,0 0,0,0 0,0,0 0,0,0 0,0,0 0,0,0 0,0,0 0,0,0 0,0,0 0,0,0 0,0,0 0,0,0 0,0,0 0,0,0 0,0,0 0,0,0 0,0,0 0,0,0 0,0,0 0,0,0 0,0,0 0,0,0 0,0,0 0,0,0 0,0,0 0,0,0 0,0,0 0,0,0 0,0,0 0,0,0 0,0,0 0,0,0 0,0,0 0,0,0 0,0,0 0,0,0 0,0,0 0,0,0 0,0,0 0,0,0 0,0,0 0,0,0 0,0,0 0,0,0
0,0,0 0,0,0 0,0,0 0,0,0 0,0,0 0,0,0 0,0,0 0,0,0 0,0,0 0,0,0 0,0,0 0,0,0 0,0,0 0,0,0 0,0,0 0,0,0 0,0,0 0,0,0 0,0,0 0,0,0 0,0,0 0,0,0 0,0,0 0,0,0 0,0,0 0,0,0 0,0,0 0,0,0 0,0,0 0,0,0 0,0,0 0,0,0 0,0,0 0,0,0 0,0,0 0,0,0 0,0,0 0,0,0 0,0,0 0,0,0 0,0,0 0,0,0 0,0,0 0,0,0 0,0,0 0,0,0 0,0,0 0,0,0 0,0,0 0,0,0 0,0,0 0,0,0 0,0,0 0,0,0 0,0,0 0,0,0 0,0,0 0,0,0 0,0,0 0,0,0 0,0,0 0,0,0 0,0,0 0,0,0 0,0,0 0,0,0 0,0,0 0,0,0 0,0,0 0,0,0 0,0,0 0,0,0 0,0,0 0,0,0 0,0,0 0,0,0 0,0,0 0,0,0 0,0,0
0,0,0 0,0,0 0,0,0 0,0,0 0,0,0 0,0,0 0,0,0 0,0,0 0,0,0 0,0,0 0,0,0 0,0,0 0,0,0 0,0,0 0,0,0 0,0,0 0,0,0 0,0,0 0,0,0 0,0,0 0,0,0 0,0,0 0,0,0 0,0,0 0,0,0 0,0,0 0,0,0 0,0,0 0,0,0 0,0,0 0,0,0 0,0,0 0,0,0 0,0,0 0,0,0 0,0,0 0,0,0 0,0,0 0,0,0 0,0,0 0,0,0 0,0,0 0,0,0 0,0,0 0,0,0 0,0,0 0,0,0 0,0,0 0,0,0 0,0,0 0,0,0 0,0,0 0,0,0 0,0,0 0,0,0 0,0,0 0,0,0 0,0,0 0,0,0 0,0,0 0,0,0 0,0,0 0,0,0 0,0,0 0,0,0 0,0,0 0,0,0 0,0,0 0,0,0 0,0,0 0,0,0 0,0,0 0,0,0 0,0,0 0,0,0 0,0,0 0,0,0 0,0,0 0,0,0
0,0,0 0,0,0 0,0,0 0,0,0 0,0,0 0,0,0 0,0,0 0,0,0 0,0,0 0,0,0 0,0,0 0,0,0 0,0,0 0,0,0 0,0,0 0,0,0 0,0,0 0,0,0 0,0,0 0,0,0 0,0,0 0,0,0 0,0,0 0,0,0 0,0,0 0,0,0 0,0,0 0,0,0 0,0,0 0,0,0 0,0,0 0,0,0 0,0,0 0,0,0 0,0,0 0,0,0 0,0,0 0,0,0 0,0,0 0,0,0 0,0,0 0,0,0 0,0,0 0,0,0 0,0,0 0,0,0 0,0,0 0,0,0 0,0,0 0,0,0 0,0,0 0,0,0 0,0,0 0,0,0 0,0,0 0,0,0 0,0,0 0,0,0 0,0,0 0,0,0 0,0,0 0,0,0 0,0,0 0,0,0 0,0,0 0,0,0 0,0,0 0,0,0 0,0,0 0,0,0 0,0,0 0,0,0 0,0,0 0,0,0 0,0,0 0,0,0 0,0,0 0,0,0 0,0,0
0,0,0 0,0,0 0,0,0 0,0,0 0,0,0 0,0,0 0,0,0 0,0,0 0,0,0 0,0,0 0,0,0 0,0,0 0,0,0 0,0,0 0,0,0 0,0,0 0,0,0 0,0,0 0,0,0 0,0,0 0,0,0 0,0,0 0,0,0 0,0,0 0,0,0 0,0,0 0,0,0 0,0,0 0,0,0 0,0,0 0,0,0 0,0,0 0,0,0 0,0,0 0,0,0 0,0,0 0,0,0 0,0,0 0,0,0 0,0,0 0,0,0 0,0,0 0,0,0 0,0,0 0,0,0 0,0,0 0,0,0 0,0,0 0,0,0 0,0,0 0,0,0 0,0,0 0,0,0 0,0,0 0,0,0 0,0,0 0,0,0 0,0,0 0,0,0 0,0,0 0,0,0 0,0,0 0,0,0 0,0,0 0,0,0 0,0,0 0,0,0 0,0,0 0,0,0 0,0,0 0,0,0 0,0,0 0,0,0 0,0,0 0,0,0 0,0,0 0,0,0 0,0,0 0,0,0
0 0 0 0 0 0 0 0 0 0 0 0 0 0 0 0 0 0 0 0 0 0 0 0 0 0 0 0 0 0 0 0 0 0 0 0 0 0 0 0 0 0 0 0 0 0 0 0 0 0 0 0 0 0 0 0 0 0 0 0 0 0 0 0 0 0 0 0 0 0 0 0 0 0 0 0 0 0 0
0 0 0 0 0 0 0 0 0 0 0 0 0 0 0 0 0 0 0 0 0 0 0 0 0 0 0 0 0 0 0 0 0 0 0 0 0 0 0 0 0 0 0 0 0 0 0 0 0 0 0 0 0 0 0 0 0 0 0 0 0 0 0 0 0 0 0 0 0 0 0 0 0 0 0 0 0 0 0
0 0 0 0 0 0 0 0 0 0 0 0 0 0 0 0 0 0 0 0 0 0 0 0 0 0 0 0 0 0 0 0 0 0 0 0 0 0 0 0 0 0 0 0 0 0 0 0 0 0 0 0 0 0 0 0 0 0 0 0 0 0 0 0 0 0 0 0 0 0 0 0 0 0 0 0 0 0 0
0 0 0 0 0 0 0 0 0 0 0 0 0 0 0 0 0 0 0 0 0 0 0 0 0 0 0 0 0 0 0 0 0 0 0 0 0 0 0 0 0 0 0 0 0 0 0 0 0 0 0 0 0 0 0 0 0 0 0 0 0 0 0 0 0 0 0 0 0 0 0 0 0 0 0 0 0 0 0
0 0 0 0 0 0 0 0 0 0 0 0 0 0 0 0 0 0 0 0 0 0 0 0 0 0 0 0 0 0 0 0 0 0 0 0 0 0 0 0 0 0 0 0 0 0 0 0 0 0 0 0 0 0 0 0 0 0 0 0 0 0 0 0 0 0 0 0 0 0 0 0 0 0 0 0 0 0 0
0 0 0 0 0 0 0 0 0 0 0 0 0 0 0 0 0 0 0 0 0 0 0 0 0 0 0 0 0 0 0 0 0 0 0 0 0 0 0 0 0 0 0 0 0 0 0 0 0 0 0 0 0 0 0 0 0 0 0 0 0 0 0 0 0 0 0 0 0 0 0 0 0 0 0 0 0 0 0
0 0 0 0 0 0 0 0 0 0 0 0 0 0 0 0 0 0 0 0 0 0 0 0 0 0 0 0 0 0 0 0 0 0 0 0 0 0 0 0 0 0 0 0 0 0 0 0 0 0 0 0 0 0 0 0 0 0 0 0 0 0 0 0 0 0 0 0 0 0 0 0 0 0 0 0 0 0 0
0 0 0 0 0 0 0 0 0 0 0 0 0 0 0 0 0 0 0 0 0 0 0 0 0 0 0 0 0 0 0 0 0 0 0 0 0 0 0 0 0 0 0 0 0 0 0 0 0 0 0 0 0 0 0 0 0 0 0 0 0 0 0 0 0 0 0 0 0 0 0 0 0 0 0 0 0 0 0
0 0 0 0 0 0 0 0 0 0 0 0 0 0 0 0 0 0 0 0 0 0 0 0 0 0 0 0 0 0 0 0 0 0 0 0 0 0 0 0 0 0 0 0 0 0 0 0 0 0 0 0 0 0 0 0 0 0 0 0 0 0 0 0 0 0 0 0 0 0 0 0 0 0 0 0 0 0 0
0 0 0 0 0 0 0 0 0 0 0 0 0 0 0 0 0 0 0 0 0 0 0 0 0 0 0 0 0 0 0 0 0 0 0 0 0 0 0 0 0 0 0 0 0 0 0 0 0 0 0 0 0 0 0 0 0 0 0 0 0 0 0 0 0 0 0 0 0 0 0 0 0 0 0 0 0 0 0
0 0 0 0 0 0 0 0 0 0 0 0 0 0 0 0 0 0 0 0 0 0 0 0 0 0 0 0 0 0 0 0 0 0 0 0 0 0 0 0 0 0 0 0 0 0 0 0 0 0 0 0 0 0 0 0 0 0 0 0 0 0 0 0 0 0 0 0 0 0 0 0 0 0 0 0 0 0 0
0 0 0 0 0 0 0 0 0 0 0 0 0 0 0 0 0 0 0 0 0 0 0 0 0 0 0 0 0 0 0 0 0 0 0 0 0 0 0 0 0 0 0 0 0 0 0 0 0 0 0 0 0 0 0 0 0 0 0 0 0 0 0 0 0 0 0 0 0 0 0 0 0 0 0 0 0 0 0
0 0 0 0 0 0 0 0 0 0 0 0 0 0 0 0 0 0 0 0 0 0 0 0 0 0 0 0 0 0 0 0 0 0 0 0 0 0 0 0 0 0 0 0 0 0 0 0 0 0 0 0 0 0 0 0 0 0 0 0 0 0 0 0 0 0 0 0 0 0 0 0 0 0 0 0 0 0 0
0 0 0 0 0 0 0 0 0 0 0 0 0 0 0 0 0 0 0 0 0 0 0 0 0 0 0 0 0 0 0 0 0 0 0 0 0 0 0 0 0 0 0 0 0 0 0 0 0 0 0 0 0 0 0 0 0 0 0 0 0 0 0 0 0 0 0 0 0 0 0 0 0 0 0 0 0 0 0
0 0 0 0 0 0 0 0 0 0 0 0 0 0 0 0 0 0 0 0 0 0 0 0 0 0 0 0 0 0 0 0 0 0 0 0 0 0 0 0 0 0 0 0 0 0 0 0 0 0 0 0 0 0 0 0 0 0 0 0 0 0 0 0 0 0 0 0 0 0 0 0 0 0 0 0 0 0 0
0 0 0 0 0 0 0 0 0 0 0 0 0 0 0 0 0 0 0 0 0 0 0 0 0 0 0 0 0 0 0 0 0 0 0 0 0 0 0 0 0 0 0 0 0 0 0 0 0 0 0 0 0 0 0 0 0 0 0 0 0 0 0 0 0 0 0 0 0 0 0 0 0 0 0 0 0 0 0
0 0 0 0 0 0 0 0 0 0 0 0 0 0 0 0 0 0 0 0 0 0 0 0 0 0 0 0 0 0 0 0 0 0 0 0 0 0 0 0 0 0 0 0 0 0 0 0 0 0 0 0 0 0 0 0 0 0 0 0 0 0 0 0 0 0 0 0 0 0 0 0 0 0 0 0 0 0 0
0 0 0 0 0 0 0 0 0 0 0 0 0 0 0 0 0 0 0 0 0 0 0 0 0 0 0 0 0 0 0 0 0 0 0 0 0 0 0 0 0 0 0 0 0 0 0 0 0 0 0 0 0 0 0 0 0 0 0 0 0 0 0 0 0 0 0 0 0 0 0 0 0 0 0 0 0 0 0
0 0 0 0 0 0 0 0 0 0 0 0 0 0 0 0 0 0 0 0 0 0 0 0 0 0 0 0 0 0 0 0 0 0 0 0 0 0 0 0 0 0 0 0 0 0 0 0 0 0 0 0 0 0 0 0 0 0 0 0 0 0 0 0 0 0 0 0 0 0 0 0 0 0 0 0 0 0 0
0 0 0 0 0 0 0 0 0 0 0 0 0 0 0 0 0 0 0 0 0 0 0 0 0 0 0 0 0 0 0 0 0 0 0 0 0 0 0 0 0 0 0 0 0 0 0 0 0 0 0 0 0 0 0 0 0 0 0 0 0 0 0 0 0 0 0 0 0 0 0 0 0 0 0 0 0 0 0
0 0 0 0 0 0 0 0 0 0 0 0 0 0 0 0 0 0 0 0 0 0 0 0 0 0 0 0 0 0 0 0 0 0 0 0 0 0 0 0 0 0 0 0 0 0 0 0 0 0 0 0 0 0 0 0 0 0 0 0 0 0 0 0 0 0 0 0 0 0 0 0 0 0 0 0 0 0 0
0 0 0 0 0 0 0 0 0 0 0 0 0 0 0 0 0 0 0 0 0 0 0 0 0 0 0 0 0 0 0 0 0 0 0 0 0 0 0 0 0 0 0 0 0 0 0 0 0 0 0 0 0 0 0 0 0 0 0 0 0 0 0 0 0 0 0 0 0 0 0 0 0 0 0 0 0 0 0
0 0 0 0 0 0 0 0 0 0 0 0 0 0 0 0 0 0 0 0 0 0 0 0 0 0 0 0 0 0 0 0 0 0 0 0 0 0 0 0 0 0 0 0 0 0 0 0 0 0 0 0 0 0 0 0 0 0 0 0 0 0 0 0 0 0 0 0 0 0 0 0 0 0 0 0 0 0 0
0 0 0 0 0 0 0 0 0 0 0 0 0 0 0 0 0 0 0 0 0 0 0 0 0 0 0 0 0 0 0 0 0 0 0 0 0 0 0 0 0 0 0 0 0 0 0 0 0 0 0 0 0 0 0 0 0 0 0 0 0 0 0 0 0 0 0 0 0 0 0 0 0 0 0 0 0 0 0
0 0 0 0 0 0 0 0 0 0 0 0 0 0 0 0 0 0 0 0 0 0 0 0 0 0 0 0 0 0 0 0 0 0 0 0 0 0 0 0 0 0 0 0 0 0 0 0 0 0 0 0 0 0 0 0 0 0 0 0 0 0 0 0 0 0 0 0 0 0 0 0 0 0 0 0 0 0 0
0 0 0 0 0 0 0 0 0 0 0 0 0 0 0 0 0 0 0 0 0 0 0 0 0 0 0 0 0 0 0 0 0 0 0 0 0 0 0 0 0 0 0 0 0 0 0 0 0 0 0 0 0 0 0 0 0 0 0 0 0 0 0 0 0 0 0 0 0 0 0 0 0 0 0 0 0 0 0
0 0 0 0 0 0 0 0 0 0 0 0 0 0 0 0 0 0 0 0 0 0 0 0 0 0 0 0 0 0 0 0 0 0 0 0 0 0 0 0 0 0 0 0 0 0 0 0 0 0 0 0 0 0 0 0 0 0 0 0 0 0 0 0 0 0 0 0 0 0 0 0 0 0 0 0 0 0 0
0 0 0 0 0 0 0 0 0 0 0 0 0 0 0 0 0 0 0 0 0 0 0 0 0 0 0 0 0 0 0 0 0 0 0 0 0 0 0 0 0 0 0 0 0 0 0 0 0 0 0 0 0 0 0 0 0 0 0 0 0 0 0 0 0 0 0 0 0 0 0 0 0 0 0 0 0 0 0
0 0 0 0 0 0 0 0 0 0 0 0 0 0 0 0 0 0 0 0 0 0 0 0 0 0 0 0 0 0 0 0 0 0 0 0 0 0 0 0 0 0 0 0 0 0 0 0 0 0 0 0 0 0 0 0 0 0 0 0 0 0 0 0 0 0 0 0 0 0 0 0 0 0 0 0 0 0 0
0 0 0 0 0 0 0 0 0 0 0 0 0 0 0 0 0 0 0 0 0 0 0 0 0 0 0 0 0 0 0 0 0 0 0 0 0 0 0 0 0 0 0 0 0 0 0 0 0 0 0 0 0 0 0 0 0 0 0 0 0 0 0 0 0 0 0 0 0 0 0 0 0 0 0 0 0 0 0
0 0 0 0 0 0 0 0 0 0 0 0 0 0 0 0 0 0 0 0 0 0 0 0 0 0 0 0 0 0 0 0 0 0 0 0 0 0 0 0 0 0 0 0 0 0 0 0 0 0 0 0 0 0 0 0 0 0 0 0 0 0 0 0 0 0 0 0 0 0 0 0 0 0 0 0 0 0 0
0 0 0 0 0 0 0 0 0 0 0 0 0 0 0 0 0 0 0 0 0 0 0 0 0 0 0 0 0 0 0 0 0 0 0 0 0 0 0 0 0 0 0 0 0 0 0 0 0 0 0 0 0 0 0 0 0 0 0 0 0 0 0 0 0 0 0 0 0 0 0 0 0 0 0 0 0 0 0
0 0 0 0 0 0 0 0 0 0 0 0 0 0 0 0 0 0 0 0 0 0 0 0 0 0 0 0 0 0 0 0 0 0 0 0 0 0 0 0 0 0 0 0 0 0 0 0 0 0 0 0 0 0 0 0 0 0 0 0 0 0 0 0 0 0 0 0 0 0 0 0 0 0 0 0 0 0 0
0 0 0 0 0 0 0 0 0 0 0 0 0 0 0 0 0 0 0 0 0 0 0 0 0 0 0 0 0 0 0 0 0 0 0 0 0 0 0 0 0 0 0 0 0 0 0 0 0 0 0 0 0 0 0 0 0 0 0 0 0 0 0 0 0 0 0 0 0 0 0 0 0 0 0 0 0 0 0
0 0 0 0 0 0 0 0 0 0 0 0 0 0 0 0 0 0 0 0 0 0 0 0 0 0 0 0 0 0 0 0 0 0 0 0 0 0 0 0 0 0 0 0 0 0 0 0 0 0 0 0 0 0 0 0 0 0 0 0 0 0 0 0 0 0 0 0 0 0 0 0 0 0 0 0 0 0 0
